1
10 10
1 1 1 1 1 1 1 1 1 1
1 1 1 1 1 1 1 1 1 1
1 1 1 1 1 1 1 1 1 1
1 1 1 1 1 1 1 1 1 1
1 1 1 1 1 1 1 1 1 1
1 1 1 1 1 1 1 1 1 1
1 1 2 1 1 1 1 1 1 1
1 1 2 1 1 1 1 1 1 1
1 1 1 1 1 1 1 1 1 1
1 1 1 1 1 1 1 1 1 1
1000 1001 1002 1003 1004 1005 1006 1007 1008 1009 2000 2001 2002 2003 2004 2005 2006 2007 2008 2009 3000 3001 3002 3003 3004 3005 3006 3007 3008 3009 4000 4001 4002 4003 4004 4005 4006 4007 4008 4009 5000 5001 5002 5003 5004 5005 5006 5007 5008 5009 6000 6001 6002 6003 6004 6005 6006 6007 6008 6009 7000 7001 6 7002 7003 7004 7005 7006 7007 7008 7009 8000 8001 7 8002 8003 8004 8005 8006 8007 8008 8009 7000 7001 7002 7003 8004 7005 7006 8007 7008 7009 7000 7001 7002 7003 9004 7005 7006 9007 7008 7009
