100
732 732
319 320
1 288
495 47
59 59
770 771
886 1
50 492
888 888
295 296
1 935
831 848
890 890
213 214
406 1
400 137
310 310
905 906
1 298
181 456
982 982
219 220
50 1
576 66
731 731
999 1000
1 178
586 839
76 76
545 546
955 1
796 968
187 187
845 846
1 864
374 825
406 406
564 565
527 1
293 248
75 75
344 345
1 647
489 476
5 5
502 503
915 1
816 324
569 569
975 976
1 22
768 173
701 701
483 484
498 1
664 760
250 250
252 253
1 580
36 556
988 988
775 776
573 1
550 626
836 836
162 163
1 502
572 488
839 839
207 208
856 1
902 909
659 659
57 58
1 683
752 979
308 308
594 595
803 1
132 582
464 464
816 817
1 485
440 443
567 567
190 191
723 1
699 642
211 211
597 598
1 183
489 184
346 346
654 655
436 1
686 737
958 958
170 171
1 512
677 660
