100
1000000 1
941451 941451
153125 153126
8084 27544
1 1
825592 825592
828783 828784
921807 423738
1 1
603068 603068
454849 454850
991581 390620
1000000 1000000
866819 866819
797751 797752
753330 440440
1 1
926706 926706
135731 135732
364620 463193
1 1000000
677413 677413
893052 893053
193927 778768
1 1000000
835173 835173
624966 624967
328142 202021
1000000 1000000
751251 751251
894273 894274
611599 641504
1 1000000
639124 639124
535431 535432
342831 812136
1000000 1
742637 742637
732065 732066
928682 357786
1000000 1000000
976290 976290
662184 662185
649485 716832
1 1
480078 480078
145409 145410
346030 141454
1000000 1000000
127267 127267
812599 812600
478120 524020
1 1
912206 912206
685487 685488
657492 190513
1 1000000
197275 197275
792631 792632
483628 110337
1000000 1000000
136640 136640
194127 194128
947651 606120
1000000 1
540892 540892
661714 661715
217756 560164
1 1
675751 675751
753711 753712
253913 75258
1000000 1000000
442259 442259
715625 715626
767774 292090
1000000 1000000
418361 418361
227290 227291
36687 495793
1000000 1
91996 91996
328441 328442
99560 671197
1 1000000
16190 16190
812660 812661
987983 874668
1 1000000
613415 613415
225522 225523
974898 77069
1 1
706174 706174
345541 345542
911054 378751
1 1000000
469318 469318
778177 778178
777786 777788
