1000 474
281 493 358 622 766 691 592 539 472 570 35 279 937 931 340 182 284 447 921 495 792 891 939 887 323 983 124 559 14 608 328 821 67 554 388 764 320 131 360 412 769 438 775 330 923 53 993 634 945 15 483 548 488 211 158 802 224 583 489 537 139 523 878 273 193 561 78 69 827 172 812 350 565 869 30 410 578 150 875 810 924 455 88 225 136 596 311 700 823 491 71 367 322 238 756 266 90 690 529 876 109 331 372 615 332 980 168 497 100 296 581 642 156 738 706 639 99 441 38 989 73 563 580 275 671 709 204 43 620 703 216 661 791 294 300 54 957 747 56 630 189 435 79 498 235 93 376 715 930 195 947 741 754 611 229 277 808 520 16 632 118 202 894 312 85 183 297 546 773 500 963 222 594 895 544 679 836 666 946 6 8 383 644 693 961 120 796 994 425 991 720 806 333 233 198 464 301 530 877 434 906 576 707 123 20 354 517 941 748 310 749 787 840 817 263 646 343 902 339 5 324 327 911 258 656 11 735 432 566 439 316 867 631 969 371 355 984 476 575 285 27 900 449 251 606 75 302 722 3 973 598 36 377 135 55 535 826 816 212 326 543 257 223 910 728 849 960 822 289 314 187 778 426 254 213 883 415 882 292 913 1 51 127 831 365 898 711 683 479 366 197 22 13 820 264 461 801 399 345 485 9 676 17 437 765 803 267 378 971 49 967 496 657 63 245 742 374 133 451 614 926 999 453 873 459 219 217 436 119 724 843 672 872 675 952 145 411 848 518 556 170 32 418 731 390 181 94 874 206 669 338 795 394 337 572 868 227 547 830 140 682 335 440 191 12 527 166 988 626 265 521 278 244 864 162 137 623 68 944 445 179 627 841 975 871 174 916 763 106 249 169 855 176 29 336 274 590 557 979 714 261 84 768 317 414 165 515 443 220 982 757 178 800 516 603 744 903 751 702 293 962 92 511 173 142 149 291 25 809 591 718 844 39 509 710 342 616 513 351 571 951 347 595 304 825 667 617 880 828 381 241 503 925 420 471 175 160 759 889 429 948 506 907 717 72 487 786 384 110 188 987 480 200 797 
281 933 7636372
281 493 5474520
493 358 5107860
281 353 9335225
281 918 1961746
358 253 8003452
358 622 1595250
281 766 2215800
493 306 4925556
493 397 486739
622 382 6433271
306 691 583524
933 592 3511388
592 539 7703100
493 237 1486686
918 472 2872964
281 134 2913897
622 570 888210
353 829 4819707
539 35 2605320
570 279 2460690
281 42 777984
592 80 6621783
397 937 8132291
493 931 2586690
42 340 5073816
237 628 4603924
472 334 1068902
766 727 795760
570 357 3642680
918 31 4718641
237 182 8871684
829 762 4959371
182 259 1804968
937 284 4619880
259 405 3172460
80 95 8426463
95 373 1273870
237 447 2504544
340 921 6544170
253 495 1662998
358 684 9821491
592 792 9494190
95 470 8053189
691 745 9036404
447 891 8325630
931 939 370620
691 887 2371860
887 323 3804390
570 7 5652664
891 983 4627980
570 184 3429439
887 124 4630590
570 448 2547136
397 559 7313471
792 936 3897627
921 14 4399830
184 608 1613981
762 328 7688057
745 698 3912485
608 467 6813705
691 821 9870570
622 67 7785720
35 853 3959142
7 554 6398246
539 308 4278738
14 633 3874078
253 388 6300338
447 401 4202989
397 764 9534221
42 320 9282216
358 154 9216656
124 45 5961914
684 131 2552159
539 360 1963530
388 427 1253980
853 412 2413398
42 769 3481446
472 438 659250
412 37 4730614
95 775 3431544
633 295 7970900
554 330 5304870
340 886 2845628
937 805 3116322
792 923 171810
937 53 7189560
154 993 8045614
775 854 9968171
447 406 129869
983 442 4373856
628 232 9576023
933 231 3539864
53 61 2747288
80 41 6728372
762 634 1877567
438 845 2300759
7 856 5805285
61 262 9583504
284 305 1570392
131 945 5272740
853 15 9025608
306 483 6857154
427 548 9692540
923 772 7694156
284 494 7028393
306 488 5137524
766 211 3181500
933 158 9916238
124 802 9580770
360 542 8678211
53 835 8605384
259 224 3818052
495 583 2160900
854 943 6056607
262 101 9752395
131 489 408420
845 573 2827512
447 537 3351690
427 912 8261115
608 230 849680
330 490 3328331
353 139 7179955
230 523 5983120
727 743 8127832
448 878 820394
295 273 6860892
937 734 5733023
727 193 4632230
523 561 5662170
467 78 2402745
357 519 4749170
493 69 9175950
14 827 3714660
945 172 9656100
323 551 6306767
78 812 725310
154 350 7804414
472 240 1620688
438 565 9490320
184 884 7585956
939 536 4347985
42 869 300666
279 30 4662900
305 664 8067419
554 410 9947160
447 578 1223640
295 150 1196472
447 108 4500563
829 454 5862340
134 403 2539973
886 875 4402252
80 696 6378219
923 723 4297255
273 810 8121420
45 658 754059
31 924 350863
561 455 4788270
353 88 7675315
237 475 2109343
792 157 1256800
664 76 6785601
237 815 3111367
854 57 9207258
448 225 2795894
827 136 6004620
856 596 2808941
53 362 3996768
937 21 2232893
41 890 8818039
815 311 7498667
67 700 7632540
592 392 9966530
887 444 9436668
933 823 8413148
334 602 3164146
608 422 8348720
373 491 3778214
827 736 5621940
305 71 2764278
658 456 6743821
762 367 999977
700 214 7562391
802 322 7308810
802 256 9591585
442 238 7277454
494 756 9204367
578 276 2740485
284 266 4692690
259 90 8248302
565 468 5266409
937 737 4892614
792 116 3841170
240 690 8282372
939 919 8077733
918 529 9399584
231 935 6034111
45 876 7359166
766 203 5949229
350 574 8538994
231 1000 6376124
237 109 54384
45 510 1126715
592 331 7081740
266 372 7003080
410 615 1506870
472 332 2509830
891 980 3158370
332 604 2040444
382 968 6617993
172 788 888737
604 168 7811586
259 824 8530862
240 497 3030602
31 299 6924236
772 100 594754
691 652 2224755
993 296 6748290
912 581 517745
88 642 6666300
31 363 2721010
262 126 4659524
529 789 4848949
766 156 3333060
224 738 597240
330 159 7059709
100 706 7533810
596 639 7974090
358 457 99127
427 99 1107080
578 52 2959257
856 692 3633243
494 107 8031426
362 441 3525882
766 688 473280
442 19 3781059
69 218 8495155
578 38 1992960
592 989 7961490
284 73 279990
150 618 9215710
305 563 8290188
334 321 5139834
490 580 1875919
454 275 3799158
328 671 8841060
95 587 1889185
565 709 935280
537 998 2175674
281 940 1692025
422 146 449691
159 204 5119451
743 705 7470199
548 43 8582130
295 620 7076352
700 161 9642088
214 280 7015075
457 552 9662397
634 703 8658180
772 560 6115504
573 486 7600185
237 899 5111065
305 858 3555348
306 216 8078364
305 661 9175608
441 466 4726454
945 997 4620146
15 582 5039169
604 791 5766876
886 294 8843752
560 148 4240387
204 300 2041380
884 54 1771985
41 957 5536165
214 747 1707519
845 799 5410182
536 315 5771805
405 721 9590417
204 695 2083078
886 56 5196502
581 389 1042560
939 687 8924618
891 641 5412706
692 380 2682881
652 630 440235
488 189 6199920
54 104 9678862
931 435 6327810
845 79 9819451
764 893 401333
136 498 2905560
435 685 368497
468 235 2700661
214 248 4809968
661 532 773651
700 143 7631415
723 325 3308642
630 93 1344690
756 562 9409888
658 402 2733839
231 186 7401507
845 376 1583731
745 385 2387710
691 538 198644
772 715 3860404
989 930 8389710
211 716 3071306
633 879 1841479
42 195 8525226
854 947 7157389
835 741 2828846
248 754 7125601
380 609 9714477
490 62 4829333
899 611 4487639
43 229 2091420
723 379 5259105
320 277 6476580
455 808 6146010
186 458 6819907
853 460 586049
930 89 5927462
943 635 5873100
52 610 5240267
444 654 4608722
930 520 5211990
454 16 6498348
388 564 8587325
332 632 2836440
435 118 2282850
983 202 6907140
890 185 2493139
835 894 8926256
124 851 7902816
467 897 4336879
812 400 1837477
193 888 207749
385 312 2867436
382 85 2040769
357 319 2522853
737 183 6204926
923 862 7275992
610 914 1928890
460 180 681130
618 540 4487174
968 297 8399516
202 546 6531840
552 773 8520536
435 192 956448
611 151 1309046
936 407 1960806
78 500 9947610
447 963 3570840
161 222 8005022
652 594 1797255
232 586 5962058
238 996 6957720
89 430 1670759
642 892 6750110
240 177 9210792
334 895 5877208
706 544 2294640
654 679 3536560
586 953 7398321
519 865 7249685
195 836 8150940
769 153 9685032
953 842 4720923
124 767 4983029
321 666 8065714
224 946 7050420
296 6 1480230
878 8 3613140
334 383 3528118
876 644 573300
281 693 6745680
937 961 2884050
937 120 3994560
892 796 2051530
158 994 3512520
824 425 6055510
767 991 45811
280 112 5302975
743 966 5660609
294 720 7931250
886 806 142912
56 463 4989573
983 333 8098650
510 233 7935071
892 198 813490
875 577 5532571
565 464 7107750
57 701 2732830
610 301 4595056
693 530 3267540
703 423 8964183
131 713 7470574
551 877 1455013
407 434 8606367
156 901 5934114
224 662 7641582
172 852 4623250
854 793 6119858
661 906 178020
112 576 274249
379 462 8796303
299 707 453467
947 163 1357518
538 859 6301512
696 123 5205648
38 20 9914940
192 354 633942
463 517 1398087
604 941 1958076
658 748 965257
447 770 5155140
770 310 3344190
143 904 727872
994 780 3464944
827 10 8988344
294 155 2284855
548 653 6535632
363 749 7625703
530 555 4081689
73 318 9297517
69 270 8121734
961 920 6540460
887 787 5212350
696 28 2208000
856 840 2119901
253 484 3249565
583 391 2172965
661 817 2949660
878 111 3751875
996 640 1440897
490 171 6275221
334 263 425188
823 646 2313990
484 114 3298046
980 818 6519625
280 424 6180153
85 343 9911610
332 942 7775358
707 779 6572014
139 512 4267803
563 413 1460582
467 46 5724073
15 269 5990772
320 992 7642432
941 902 3806820
748 339 8852490
225 976 9274563
360 450 3626397
570 673 9908101
10 5 4017736
301 324 7099920
548 130 9699801
538 59 6065025
354 327 4101840
805 911 6027858
818 258 1678925
193 98 4484478
635 881 8141431
327 246 7037505
703 210 648968
88 428 3746551
628 656 2973740
788 11 1898113
854 735 3296029
458 432 6682490
583 566 8304840
210 439 5171602
275 316 2574090
747 533 7655136
435 867 9919350
350 209 1320347
107 631 3221341
238 361 323788
54 725 8910002
230 70 8393674
101 122 5966953
879 969 3395233
573 629 4006116
827 356 711206
493 408 6839438
641 371 3160874
277 355 7581420
358 984 1834110
684 476 851159
467 579 9846750
310 708 2932363
371 659 267932
6 87 6045068
353 575 1927015
576 473 56553
466 285 4528426
891 972 9721905
277 785 857732
698 27 5910161
222 776 1563775
111 784 2106759
454 900 3290298
542 449 1555689
1000 465 55137
277 2 8234763
490 251 7002049
198 606 9988920
604 75 6192846
933 534 6471753
203 302 791861
720 722 3015540
851 3 4016784
315 234 7232778
442 719 5953308
21 677 9892969
198 973 2797200
796 567 8615365
773 598 7467210
546 761 7417895
542 36 2643699
273 569 8342093
425 377 7901730
695 135 1005542
635 726 1930526
468 55 9966271
73 535 7536600
582 826 8282541
184 271 148208
911 816 7678440
805 212 3455118
530 228 3097643
263 326 9560160
656 813 3659838
639 543 103770
899 91 1440444
204 697 4407317
792 478 6265904
163 257 8647332
690 794 8577578
766 223 7192890
576 619 1719124
564 846 9996746
767 910 3443041
483 728 2630160
357 849 2267530
428 129 5901944
567 625 1583396
230 64 7313933
90 960 8649090
633 492 5586431
225 147 5831795
107 822 9210841
30 289 1790820
610 915 3158949
865 964 6550522
434 674 6297185
155 314 9566075
842 187 975415
229 778 4640940
778 117 5476304
486 624 1243709
748 426 254880
659 254 7603738
154 213 5549194
587 883 5288699
45 375 4662366
426 752 5299372
610 415 2367196
109 387 9468834
263 882 3015180
592 292 3736620
997 913 7545064
806 995 4061945
371 102 7110676
961 777 9241768
2 1 1725717
472 834 1054393
484 51 2620123
609 660 5339606
171 243 4918533
642 127 8991270
697 831 4467493
762 365 1844177
901 898 3519666
284 711 4698360
493 683 3333960
136 479 1986210
994 366 5372100
2 197 5746197
321 22 5614024
856 13 1102091
842 798 6226358
554 820 3592980
30 264 6703110
961 461 1799730
560 801 7407030
900 252 1451665
630 860 2958275
297 247 1474432
442 399 8701614
532 345 7192609
489 485 1749330
709 9 2921940
709 676 7237350
295 522 1282205
257 113 4573060
41 524 367693
225 17 2654910
685 437 3949793
380 765 6346647
849 803 6486750
388 267 4292460
587 378 5212649
749 746 7824730
355 971 973440
968 49 9046256
845 837 5026115
100 599 7693935
100 967 226980
78 496 9861300
610 386 1844982
852 657 5129870
878 298 9021659
924 63 3083400
684 755 2329142
816 245 308880
35 742 9729090
709 286 984672
448 647 9397689
620 374 8581500
442 978 7359435
403 909 3399490
538 138 8504531
442 132 541867
849 115 6988468
859 133 2895934
333 970 8973946
632 194 6658989
232 451 3700107
361 638 1696620
483 614 1021860
970 922 5226835
46 926 8525912
598 999 4740120
397 807 9699841
904 453 8093613
813 873 8670702
854 459 6668149
923 600 9063307
543 928 4301571
703 452 5179859
569 949 1495271
563 219 7387110
69 128 4641885
298 929 5879274
389 217 5839200
852 670 5301154
198 396 2909165
327 18 960420
720 558 1126478
475 908 4578585
891 436 2050110
897 119 2330606
997 74 3715079
16 724 8624160
646 843 8409780
767 819 5191836
906 469 4204829
691 678 4939691
87 672 6822232
5 872 9391050
120 675 5045310
131 952 8650890
586 896 7422833
796 348 8340152
924 861 7422549
358 612 4220986
837 145 2744846
6 411 5130990
54 502 7238249
555 44 2809056
902 885 3732818
629 81 6965495
73 848 4079610
231 518 6807294
945 556 872190
698 986 3536404
696 170 2169318
378 850 3032395
697 32 3358513
807 313 845479
639 974 1459747
57 431 2823105
100 418 2566080
567 731 7398335
385 307 1417048
540 283 6008931
289 390 2639880
69 181 8638560
493 750 6142083
399 205 5675751
150 814 66445
867 94 3390660
980 965 76547
279 811 2995124
746 607 8113921
473 874 8407047
422 651 518394
158 309 5732443
495 514 7377416
937 588 8696476
308 206 4052562
752 669 3021128
136 760 6275211
451 338 1633140
322 795 4027410
879 950 7616885
31 368 640625
846 394 5141189
878 337 6009120
770 572 5023140
222 167 1104683
674 4 6795300
323 40 2256498
353 868 7998865
228 86 3131417
486 242 9626636
639 227 8347320
537 547 1186020
780 985 4476412
931 482 9804941
716 585 3603236
520 694 7438093
315 699 8714014
824 733 5125327
71 830 3116070
737 140 6761306
983 531 2657953
561 932 1503708
953 917 9001841
742 601 8568225
145 682 5261310
206 50 1190475
986 33 6974163
426 144 1837179
688 335 1852500
456 364 2885692
706 440 4522050
87 191 5239492
644 58 301414
231 12 964314
144 260 5437978
922 215 4249596
791 499 5552505
264 416 9182854
836 528 437958
273 527 3049380
546 282 55482
7 166 755516
926 988 2673090
881 541 4715190
382 626 2826469
5 905 8256442
116 265 548490
373 521 1558274
323 645 8764187
670 421 6853779
994 278 1103220
761 24 9606679
418 244 2902860
770 712 7628907
204 864 613170
544 781 7228298
762 162 4551017
560 103 3861011
697 137 3934153
54 623 6692490
926 505 1908118
211 553 6824665
479 68 973620
195 944 8751960
168 870 4432572
997 164 7804165
562 272 8106206
266 445 9440910
397 771 5977471
775 179 6708600
90 938 8783786
708 47 6540261
315 627 4225760
692 239 1733631
98 593 9151987
922 648 2034892
687 236 7312184
296 48 8296736
348 739 2759333
475 525 6319862
602 841 2875692
386 975 1612834
17 871 6782130
377 649 4195918
305 174 5286528
552 916 9861446
467 369 6988192
154 196 9242991
993 680 1147247
555 763 7692021
764 106 9721350
468 370 588097
70 249 1668066
460 169 2575879
75 855 5296230
169 152 5866675
891 838 9085046
733 176 2520033
371 29 5113710
71 613 8888482
892 681 228331
761 689 6405586
362 866 8840186
150 226 3019428
38 336 6275340
531 274 5259527
624 977 2185532
615 990 4735079
382 804 9272151
649 590 7128602
683 557 5211270
944 665 5960755
633 589 194211
132 121 3717663
968 979 5794106
99 740 9676207
950 981 4966026
950 82 3601488
296 481 2984145
274 303 6048036
920 655 5333640
418 125 7982389
531 714 9571427
154 261 2062774
747 663 7917571
594 84 1478250
167 833 3712759
67 768 4177350
849 317 2895660
941 414 620820
206 97 8151671
548 165 2951820
74 515 9305855
736 954 158887
475 417 9448971
14 433 6074652
374 927 5280285
522 636 8944975
460 443 4706359
120 220 4075200
495 832 1836460
232 341 671033
442 758 6335203
811 982 157936
33 250 9977404
361 637 330372
785 757 5691658
461 178 5651190
721 199 1041190
205 800 3742389
345 516 9309240
463 344 1562038
728 34 7295033
138 255 9877646
728 290 6558671
156 603 3131640
770 744 5637300
945 903 6275430
891 23 51610
978 753 2047035
408 477 3421255
15 751 7714710
278 702 9758430
674 293 2329315
132 550 6274203
189 962 7786980
328 92 4025250
140 190 5049723
84 207 8687836
722 511 5437980
399 597 6826186
7 173 2084006
533 584 4173976
131 142 1726290
836 149 7376040
246 839 9502103
596 783 4619272
962 291 7872930
47 409 4942796
205 25 2202759
756 809 2173410
807 605 4524683
484 591 9984373
140 704 877177
579 686 8780133
250 718 2481780
156 545 2669505
322 844 8893440
131 77 7776317
97 39 5573869
457 474 1284428
878 509 6937110
647 526 9096226
738 710 3222000
422 26 2321418
292 863 3395613
58 342 9556556
579 616 379605
218 349 3083101
328 959 5460556
632 790 9953071
681 513 8522439
266 958 8268897
680 105 1890991
265 419 6500042
103 446 100429
853 96 8417419
839 351 1446532
400 83 1521551
830 571 8468730
197 951 7952040
434 782 7431545
603 287 4869787
363 347 4680993
994 501 7201615
493 595 56070
224 621 8600829
756 393 9793281
477 304 295857
562 825 971792
721 208 772140
155 221 3640577
918 346 3522229
966 667 6784409
932 329 2655327
519 617 3403100
274 65 4515952
522 730 7320104
905 880 7013768
87 668 8683335
169 857 5915866
788 508 3519137
453 201 6706646
271 828 1468383
453 404 2294910
662 381 6565098
592 241 7517340
416 503 5175206
125 925 3732641
484 352 9058799
597 934 7576645
413 729 3838958
81 268 1242738
986 420 8192437
100 60 348089
700 471 16470
129 175 1716975
306 141 4119464
670 160 6960046
787 643 2518074
62 359 6292096
68 549 8875642
446 759 9280470
931 889 7583580
531 955 6670134
485 956 9720411
93 429 8082810
919 948 6614857
266 288 134161
575 506 4222260
442 504 1564816
779 650 7165109
167 907 4498447
80 395 6202181
662 717 5538108
600 72 238103
641 487 2173034
547 786 7732260
524 66 5243676
694 384 677207
979 110 5477580
907 188 4882410
736 398 7830881
593 987 3722555
723 847 7333137
430 480 8964569
97 200 7751599
773 507 8567761
382 568 9979086
571 732 7622802
584 774 111053
738 797 2691360
