5000 1000 2500
248 866 963 766 71 391 761 134 320 972 234 54 713 721 64 100 67 876 260 742 183 775 153 154 522 644 843 639 940 133 214 635 282 313 681 346 72 464 347 444 780 308 388 269 3 260 668 186 603 78 122 773 77 891 500 302 287 467 942 134 806 663 491 820 666 466 915 370 897 975 31 442 863 339 926 893 739 665 633 388 152 690 852 856 952 205 43 193 376 170 144 917 663 440 409 185 255 175 996 822 133 239 878 721 447 39 932 5 850 807 956 586 912 974 789 134 685 429 908 881 38 461 256 787 248 178 955 636 642 176 717 742 831 340 148 275 317 832 572 926 757 841 18 619 809 645 400 45 389 985 723 511 7 838 797 620 639 418 757 470 828 360 719 675 752 564 762 337 776 65 270 981 965 104 63 744 330 603 75 803 110 708 465 748 97 388 378 740 254 292 253 588 617 545 254 756 264 65 913 378 513 183 363 508 765 17 491 470 936 263 695 870 439 141 260 525 846 327 27 762 387 412 283 638 219 967 515 485 723 656 12 889 800 567 403 996 281 220 351 812 407 175 976 574 553 891 543 703 538 194 676 426 158 991 479 128 73 892 917 858 442 523 992 441 150 843 926 432 398 441 101 68 261 861 834 120 783 445 250 655 218 880 992 792 77 596 655 417 322 252 187 63 763 579 701 65 5 361 800 127 823 3 963 169 60 505 648 604 729 175 891 435 133 868 939 450 536 904 210 442 938 14 419 250 456 127 943 870 705 529 869 230 13 335 881 800 89 413 333 276 247 552 641 356 659 555 839 188 980 213 660 716 130 491 644 750 765 893 688 804 202 759 813 942 732 17 819 780 895 630 967 430 801 245 987 374 107 11 457 436 668 552 263 223 351 94 289 925 641 303 370 262 402 653 239 941 379 335 243 898 245 892 960 805 786 34 17 37 165 594 991 646 718 936 866 462 792 893 394 540 901 496 33 133 415 221 689 381 87 745 363 545 722 40 490 414 422 558 545 235 102 265 265 857 225 539 995 687 769 711 949 13 640 758 160 744 338 747 875 664 203 999 736 616 248 9 248 848 211 203 94 598 607 593 681 182 722 298 360 363 269 687 337 197 967 609 385 953 508 771 646 283 279 462 499 256 830 568 850 88 520 341 289 704 489 731 816 852 67 393 824 110 558 616 178 430 647 90 437 502 700 857 509 584 482 134 55 850 868 407 33 754 969 123 69 105 26 645 225 964 165 568 991 9 889 816 243 794 339 916 726 98 233 893 863 790 12 485 610 233 287 408 610 34 263 537 320 751 489 498 10 202 479 563 965 948 55 254 303 726 442 58 849 209 567 872 62 310 385 36 592 999 343 805 640 751 444 21 44 623 66 925 197 311 915 858 767 814 797 936 179 404 159 596 18 350 597 225 57 586 431 541 440 677 866 756 738 645 704 300 893 736 235 349 312 843 757 924 450 634 554 934 208 236 889 93 614 76 82 32 812 880 574 907 664 288 438 539 792 322 250 448 818 416 55 416 404 394 891 433 520 926 861 118 493 172 435 524 188 336 501 979 38 681 656 412 716 567 736 83 123 548 96 122 266 633 790 587 914 540 904 478 454 419 813 761 544 914 104 371 324 382 79 900 530 650 404 503 318 689 660 390 795 593 529 676 11 602 862 691 544 551 217 780 293 372 333 545 202 565 274 86 314 429 122 923 42 450 101 370 718 380 836 235 994 401 99 321 66 54 723 434 128 224 683 532 713 942 303 262 669 977 475 999 770 328 435 239 975 996 227 767 407 270 170 6 265 343 603 319 233 540 12 652 208 654 360 485 370 816 738 484 873 512 271 861 767 265 508 175 528 893 598 37 914 806 196 389 90 432 538 322 449 960 736 572 37 76 707 933 146 722 724 929 61 427 284 638 404 204 94 898 872 231 68 986 974 918 401 84 217 557 47 749 145 777 547 549 78 932 705 305 539 135 732 869 885 464 195 275 72 764 796 91 64 28 420 120 936 754 827 443 848 781 654 695 76 892 412 335 707 181 201 104 222 291 513 938 867 877 150 886 18 103 120 648 911 781 869 809 12 550 392 908 898 940 763 49 416 577 483 925 593 844 424 532 840 36 804 900 48 740 172 879 994 368 141 250 196 86 94 784 454 875 610 142 136 93 132 737 701 947 80 521 640 482 725 46 96 952 812 850 117 400 758 580 970 378 394 118 843 734 161 419 130 473 11 36 565 409 764 535 311 554 6 640 621 32 389 227 533 212 650 230 391 558 202 325 700 832 644 318 827 838 439 300 520 375 354 104 788 889 963 936 307 208 986 943 841 648 908 129 858 754 225 272 529 37 444 231 669 211 272 762 958 371 44 395 509 540 244 211 170 526 396 759 87 11 845 360 310 906 735 690 178 49 130 494 269 970 632 326 993 972 472 680 456 559 578 101 154 121 932 192 98 221 88 892 961 498 448 330 811 711 442 314 864 332 645 864 871 380 488 1000 163 416 296 770 470 776 923 255 553 520 854 617 23 624 558 599 837 591 988 187 400 930 110 343 104 287 59 386 811 870 456 3 768 578 843 298 538 670 164 730 969 446 890 585 474 623 305 224 556 68 150 693 243 167 842 50 20 520 340 457 366 36 38 316 557 409 260 476 691 288 393 70 74 661 190 909 752 633 573 956 867 831 346 335 658 832 34 112 309 902 73 940 179 981 264 450 62 920 514 654 291 666 203 356 878 739 588 147 679 289 810 852 526 457 348 651 371 292 839 473 154 8 372 644 865 686 735 145 970 147 352 10 5 656 992 42 558 519 208 444 391 339 483 366 942 496 962 534 611 437 945 696 993 363 973 162 395 99 910 864 5 58 705 580 736 132 286 202 865 569 401 179 588 891 466 420 984 557 723 404 462 197 882 869 944 156 818 349 898 466 358 108 709 874 959 939 670 659 477 393 195 55 163 932 365 928 200 847 660 963 240 80 147 810 343 400 824 588 88 552 427 139 158 327 693 442 954 206 504 253 459 661 643 931 991 603 151 531 395 319 331 241 550 192 903 247 135 890 780 31 365 495 293 984 598 325 995 974 572 564 604 286 364 794 961 792 488 983 618 703 370 559 693 823 838 660 190 866 274 755 642 264 379 930 138 214 639 533 999 1000 255 987 525 578 599 760 538 640 556 925 708 295 534 199 21 584 844 346 696 991 63 499 386 659 964 150 612 657 580 776 704 362 7 50 716 619 646 762 804 914 385 822 811 775 39 704 333 750 98 809 646 862 429 905 907 544 532 647 675 427 939 666 272 400 384 558 590 17 886 845 857 503 520 295 166 817 351 329 793 301 642 690 168 539 381 780 206 480 621 468 425 368 897 903 432 414 643 70 816 314 614 906 127 645 118 223 794 372 869 501 542 502 391 942 664 397 204 961 703 946 299 197 32 288 664 470 200 333 671 689 506 961 696 818 112 479 811 283 986 97 280 923 401 819 20 843 299 567 280 594 360 232 443 133 934 893 613 15 150 454 262 598 553 374 261 700 552 416 72 683 350 729 990 345 661 844 610 748 594 837 517 699 837 418 70 803 206 288 582 347 205 801 960 295 399 964 25 489 410 846 171 276 271 895 569 885 206 165 44 975 1000 702 152 307 665 790 525 991 85 136 294 130 706 142 236 870 714 181 12 843 364 170 890 257 26 545 15 888 910 72 4 828 934 350 350 709 277 897 240 354 305 987 929 371 999 663 363 364 338 379 862 435 247 37 9 340 258 517 987 634 243 252 514 745 796 587 662 246 342 589 670 913 760 502 927 600 451 341 381 42 898 684 595 641 561 88 765 755 162 131 865 102 361 410 574 154 323 861 948 456 306 710 473 637 144 429 873 427 804 437 567 272 471 748 372 433 273 606 404 433 242 182 584 78 11 88 790 790 102 705 856 758 494 203 250 480 616 664 93 851 973 338 365 275 394 50 714 249 624 78 345 186 208 66 336 587 915 767 575 382 231 465 68 235 717 251 335 906 394 802 285 574 803 251 110 20 281 32 188 353 840 450 502 264 598 290 304 218 474 423 705 447 521 866 480 455 235 89 256 238 594 354 14 897 50 397 902 555 164 883 592 240 226 502 336 336 155 877 893 493 399 544 161 279 653 972 849 474 361 448 18 5 168 484 520 608 692 94 960 134 316 51 143 195 104 781 490 799 453 650 219 488 530 793 606 502 20 489 857 1000 425 949 680 162 613 52 203 907 353 290 879 521 149 196 368 71 69 686 381 856 635 271 797 454 383 765 809 377 308 610 43 881 216 529 857 759 554 800 140 769 392 203 989 750 366 560 748 925 510 273 446 644 786 38 335 407 658 747 805 566 572 966 951 988 637 81 189 238 545 816 103 108 944 100 493 621 413 694 646 322 587 672 358 923 913 371 846 516 531 406 445 960 145 7 123 210 809 298 767 546 606 258 607 636 573 570 558 586 555 404 351 27 848 322 220 301 445 697 555 770 218 113 337 366 232 866 234 331 703 280 905 814 242 998 47 250 807 405 546 659 673 581 985 452 573 177 399 545 919 366 333 205 344 323 11 926 77 163 182 259 359 383 813 988 865 249 858 74 150 767 592 982 365 656 717 390 856 847 123 863 237 350 51 106 392 38 37 234 943 156 983 906 430 20 612 571 417 440 192 449 219 706 463 772 167 512 66 789 309 613 730 108 608 323 742 947 872 463 307 783 530 247 386 97 963 339 862 760 319 134 687 272 244 841 339 92 327 48 791 291 429 50 296 257 721 222 785 514 646 286 431 11 474 951 750 519 151 174 101 541 830 145 55 349 494 821 488 788 271 71 934 744 597 518 737 52 250 931 33 46 832 597 396 885 326 844 510 461 924 271 755 688 568 824 233 801 203 105 219 624 914 764 367 911 765 667 953 223 280 848 554 285 495 417 297 759 721 543 599 427 355 49 737 738 367 856 97 941 293 516 746 437 954 297 677 383 335 785 733 840 102 353 687 891 440 747 872 189 637 832 130 536 922 457 217 624 216 276 924 52 416 60 590 353 310 878 368 555 240 396 314 694 874 286 896 533 793 901 148 163 909 285 885 241 326 673 719 9 189 904 703 215 862 349 535 72 904 951 586 333 175 901 30 308 335 802 885 680 789 470 145 449 269 581 508 81 500 173 366 863 191 833 687 800 407 273 115 452 532 513 580 709 63 208 220 358 367 972 592 64 909 905 954 79 919 264 134 573 615 721 687 223 249 917 257 759 478 841 491 274 329 854 51 709 53 363 454 499 115 839 235 7 798 538 585 436 590 35 226 883 674 582 725 533 866 103 669 165 451 365 963 972 746 867 274 265 629 960 422 90 660 389 462 508 324 7 809 805 550 360 132 772 494 761 879 737 347 818 951 474 276 564 257 328 575 32 812 496 434 422 834 571 991 342 183 485 863 70 245 341 609 805 145 925 432 774 268 857 686 492 916 746 101 925 211 423 456 377 990 354 339 504 658 73 288 513 939 382 664 73 550 475 723 296 610 481 77 145 276 509 910 226 669 62 736 576 390 145 78 96 682 712 717 842 566 964 251 778 977 956 889 283 340 502 982 273 300 381 303 785 947 265 491 407 360 1000 72 140 710 679 633 585 820 936 400 264 255 83 119 14 92 626 505 896 165 18 772 398 966 801 402 924 20 879 633 677
1 2502
2502 2
1 2503
2503 3
1 2504
2504 4
1 2505
2505 5
1 2506
2506 6
1 2507
2507 7
1 2508
2508 8
1 2509
2509 9
1 2510
2510 10
1 2511
2511 11
1 2512
2512 12
1 2513
2513 13
1 2514
2514 14
1 2515
2515 15
1 2516
2516 16
1 2517
2517 17
1 2518
2518 18
1 2519
2519 19
1 2520
2520 20
1 2521
2521 21
1 2522
2522 22
1 2523
2523 23
1 2524
2524 24
1 2525
2525 25
1 2526
2526 26
1 2527
2527 27
1 2528
2528 28
1 2529
2529 29
1 2530
2530 30
1 2531
2531 31
1 2532
2532 32
1 2533
2533 33
1 2534
2534 34
1 2535
2535 35
1 2536
2536 36
1 2537
2537 37
1 2538
2538 38
1 2539
2539 39
1 2540
2540 40
1 2541
2541 41
1 2542
2542 42
1 2543
2543 43
1 2544
2544 44
1 2545
2545 45
1 2546
2546 46
1 2547
2547 47
1 2548
2548 48
1 2549
2549 49
1 2550
2550 50
1 2551
2551 51
1 2552
2552 52
1 2553
2553 53
1 2554
2554 54
1 2555
2555 55
1 2556
2556 56
1 2557
2557 57
1 2558
2558 58
1 2559
2559 59
1 2560
2560 60
1 2561
2561 61
1 2562
2562 62
1 2563
2563 63
1 2564
2564 64
1 2565
2565 65
1 2566
2566 66
1 2567
2567 67
1 2568
2568 68
1 2569
2569 69
1 2570
2570 70
1 2571
2571 71
1 2572
2572 72
1 2573
2573 73
1 2574
2574 74
1 2575
2575 75
1 2576
2576 76
1 2577
2577 77
1 2578
2578 78
1 2579
2579 79
1 2580
2580 80
1 2581
2581 81
1 2582
2582 82
1 2583
2583 83
1 2584
2584 84
1 2585
2585 85
1 2586
2586 86
1 2587
2587 87
1 2588
2588 88
1 2589
2589 89
1 2590
2590 90
1 2591
2591 91
1 2592
2592 92
1 2593
2593 93
1 2594
2594 94
1 2595
2595 95
1 2596
2596 96
1 2597
2597 97
1 2598
2598 98
1 2599
2599 99
1 2600
2600 100
1 2601
2601 101
1 2602
2602 102
1 2603
2603 103
1 2604
2604 104
1 2605
2605 105
1 2606
2606 106
1 2607
2607 107
1 2608
2608 108
1 2609
2609 109
1 2610
2610 110
1 2611
2611 111
1 2612
2612 112
1 2613
2613 113
1 2614
2614 114
1 2615
2615 115
1 2616
2616 116
1 2617
2617 117
1 2618
2618 118
1 2619
2619 119
1 2620
2620 120
1 2621
2621 121
1 2622
2622 122
1 2623
2623 123
1 2624
2624 124
1 2625
2625 125
1 2626
2626 126
1 2627
2627 127
1 2628
2628 128
1 2629
2629 129
1 2630
2630 130
1 2631
2631 131
1 2632
2632 132
1 2633
2633 133
1 2634
2634 134
1 2635
2635 135
1 2636
2636 136
1 2637
2637 137
1 2638
2638 138
1 2639
2639 139
1 2640
2640 140
1 2641
2641 141
1 2642
2642 142
1 2643
2643 143
1 2644
2644 144
1 2645
2645 145
1 2646
2646 146
1 2647
2647 147
1 2648
2648 148
1 2649
2649 149
1 2650
2650 150
1 2651
2651 151
1 2652
2652 152
1 2653
2653 153
1 2654
2654 154
1 2655
2655 155
1 2656
2656 156
1 2657
2657 157
1 2658
2658 158
1 2659
2659 159
1 2660
2660 160
1 2661
2661 161
1 2662
2662 162
1 2663
2663 163
1 2664
2664 164
1 2665
2665 165
1 2666
2666 166
1 2667
2667 167
1 2668
2668 168
1 2669
2669 169
1 2670
2670 170
1 2671
2671 171
1 2672
2672 172
1 2673
2673 173
1 2674
2674 174
1 2675
2675 175
1 2676
2676 176
1 2677
2677 177
1 2678
2678 178
1 2679
2679 179
1 2680
2680 180
1 2681
2681 181
1 2682
2682 182
1 2683
2683 183
1 2684
2684 184
1 2685
2685 185
1 2686
2686 186
1 2687
2687 187
1 2688
2688 188
1 2689
2689 189
1 2690
2690 190
1 2691
2691 191
1 2692
2692 192
1 2693
2693 193
1 2694
2694 194
1 2695
2695 195
1 2696
2696 196
1 2697
2697 197
1 2698
2698 198
1 2699
2699 199
1 2700
2700 200
1 2701
2701 201
1 2702
2702 202
1 2703
2703 203
1 2704
2704 204
1 2705
2705 205
1 2706
2706 206
1 2707
2707 207
1 2708
2708 208
1 2709
2709 209
1 2710
2710 210
1 2711
2711 211
1 2712
2712 212
1 2713
2713 213
1 2714
2714 214
1 2715
2715 215
1 2716
2716 216
1 2717
2717 217
1 2718
2718 218
1 2719
2719 219
1 2720
2720 220
1 2721
2721 221
1 2722
2722 222
1 2723
2723 223
1 2724
2724 224
1 2725
2725 225
1 2726
2726 226
1 2727
2727 227
1 2728
2728 228
1 2729
2729 229
1 2730
2730 230
1 2731
2731 231
1 2732
2732 232
1 2733
2733 233
1 2734
2734 234
1 2735
2735 235
1 2736
2736 236
1 2737
2737 237
1 2738
2738 238
1 2739
2739 239
1 2740
2740 240
1 2741
2741 241
1 2742
2742 242
1 2743
2743 243
1 2744
2744 244
1 2745
2745 245
1 2746
2746 246
1 2747
2747 247
1 2748
2748 248
1 2749
2749 249
1 2750
2750 250
1 2751
2751 251
1 2752
2752 252
1 2753
2753 253
1 2754
2754 254
1 2755
2755 255
1 2756
2756 256
1 2757
2757 257
1 2758
2758 258
1 2759
2759 259
1 2760
2760 260
1 2761
2761 261
1 2762
2762 262
1 2763
2763 263
1 2764
2764 264
1 2765
2765 265
1 2766
2766 266
1 2767
2767 267
1 2768
2768 268
1 2769
2769 269
1 2770
2770 270
1 2771
2771 271
1 2772
2772 272
1 2773
2773 273
1 2774
2774 274
1 2775
2775 275
1 2776
2776 276
1 2777
2777 277
1 2778
2778 278
1 2779
2779 279
1 2780
2780 280
1 2781
2781 281
1 2782
2782 282
1 2783
2783 283
1 2784
2784 284
1 2785
2785 285
1 2786
2786 286
1 2787
2787 287
1 2788
2788 288
1 2789
2789 289
1 2790
2790 290
1 2791
2791 291
1 2792
2792 292
1 2793
2793 293
1 2794
2794 294
1 2795
2795 295
1 2796
2796 296
1 2797
2797 297
1 2798
2798 298
1 2799
2799 299
1 2800
2800 300
1 2801
2801 301
1 2802
2802 302
1 2803
2803 303
1 2804
2804 304
1 2805
2805 305
1 2806
2806 306
1 2807
2807 307
1 2808
2808 308
1 2809
2809 309
1 2810
2810 310
1 2811
2811 311
1 2812
2812 312
1 2813
2813 313
1 2814
2814 314
1 2815
2815 315
1 2816
2816 316
1 2817
2817 317
1 2818
2818 318
1 2819
2819 319
1 2820
2820 320
1 2821
2821 321
1 2822
2822 322
1 2823
2823 323
1 2824
2824 324
1 2825
2825 325
1 2826
2826 326
1 2827
2827 327
1 2828
2828 328
1 2829
2829 329
1 2830
2830 330
1 2831
2831 331
1 2832
2832 332
1 2833
2833 333
1 2834
2834 334
1 2835
2835 335
1 2836
2836 336
1 2837
2837 337
1 2838
2838 338
1 2839
2839 339
1 2840
2840 340
1 2841
2841 341
1 2842
2842 342
1 2843
2843 343
1 2844
2844 344
1 2845
2845 345
1 2846
2846 346
1 2847
2847 347
1 2848
2848 348
1 2849
2849 349
1 2850
2850 350
1 2851
2851 351
1 2852
2852 352
1 2853
2853 353
1 2854
2854 354
1 2855
2855 355
1 2856
2856 356
1 2857
2857 357
1 2858
2858 358
1 2859
2859 359
1 2860
2860 360
1 2861
2861 361
1 2862
2862 362
1 2863
2863 363
1 2864
2864 364
1 2865
2865 365
1 2866
2866 366
1 2867
2867 367
1 2868
2868 368
1 2869
2869 369
1 2870
2870 370
1 2871
2871 371
1 2872
2872 372
1 2873
2873 373
1 2874
2874 374
1 2875
2875 375
1 2876
2876 376
1 2877
2877 377
1 2878
2878 378
1 2879
2879 379
1 2880
2880 380
1 2881
2881 381
1 2882
2882 382
1 2883
2883 383
1 2884
2884 384
1 2885
2885 385
1 2886
2886 386
1 2887
2887 387
1 2888
2888 388
1 2889
2889 389
1 2890
2890 390
1 2891
2891 391
1 2892
2892 392
1 2893
2893 393
1 2894
2894 394
1 2895
2895 395
1 2896
2896 396
1 2897
2897 397
1 2898
2898 398
1 2899
2899 399
1 2900
2900 400
1 2901
2901 401
1 2902
2902 402
1 2903
2903 403
1 2904
2904 404
1 2905
2905 405
1 2906
2906 406
1 2907
2907 407
1 2908
2908 408
1 2909
2909 409
1 2910
2910 410
1 2911
2911 411
1 2912
2912 412
1 2913
2913 413
1 2914
2914 414
1 2915
2915 415
1 2916
2916 416
1 2917
2917 417
1 2918
2918 418
1 2919
2919 419
1 2920
2920 420
1 2921
2921 421
1 2922
2922 422
1 2923
2923 423
1 2924
2924 424
1 2925
2925 425
1 2926
2926 426
1 2927
2927 427
1 2928
2928 428
1 2929
2929 429
1 2930
2930 430
1 2931
2931 431
1 2932
2932 432
1 2933
2933 433
1 2934
2934 434
1 2935
2935 435
1 2936
2936 436
1 2937
2937 437
1 2938
2938 438
1 2939
2939 439
1 2940
2940 440
1 2941
2941 441
1 2942
2942 442
1 2943
2943 443
1 2944
2944 444
1 2945
2945 445
1 2946
2946 446
1 2947
2947 447
1 2948
2948 448
1 2949
2949 449
1 2950
2950 450
1 2951
2951 451
1 2952
2952 452
1 2953
2953 453
1 2954
2954 454
1 2955
2955 455
1 2956
2956 456
1 2957
2957 457
1 2958
2958 458
1 2959
2959 459
1 2960
2960 460
1 2961
2961 461
1 2962
2962 462
1 2963
2963 463
1 2964
2964 464
1 2965
2965 465
1 2966
2966 466
1 2967
2967 467
1 2968
2968 468
1 2969
2969 469
1 2970
2970 470
1 2971
2971 471
1 2972
2972 472
1 2973
2973 473
1 2974
2974 474
1 2975
2975 475
1 2976
2976 476
1 2977
2977 477
1 2978
2978 478
1 2979
2979 479
1 2980
2980 480
1 2981
2981 481
1 2982
2982 482
1 2983
2983 483
1 2984
2984 484
1 2985
2985 485
1 2986
2986 486
1 2987
2987 487
1 2988
2988 488
1 2989
2989 489
1 2990
2990 490
1 2991
2991 491
1 2992
2992 492
1 2993
2993 493
1 2994
2994 494
1 2995
2995 495
1 2996
2996 496
1 2997
2997 497
1 2998
2998 498
1 2999
2999 499
1 3000
3000 500
1 3001
3001 501
1 3002
3002 502
1 3003
3003 503
1 3004
3004 504
1 3005
3005 505
1 3006
3006 506
1 3007
3007 507
1 3008
3008 508
1 3009
3009 509
1 3010
3010 510
1 3011
3011 511
1 3012
3012 512
1 3013
3013 513
1 3014
3014 514
1 3015
3015 515
1 3016
3016 516
1 3017
3017 517
1 3018
3018 518
1 3019
3019 519
1 3020
3020 520
1 3021
3021 521
1 3022
3022 522
1 3023
3023 523
1 3024
3024 524
1 3025
3025 525
1 3026
3026 526
1 3027
3027 527
1 3028
3028 528
1 3029
3029 529
1 3030
3030 530
1 3031
3031 531
1 3032
3032 532
1 3033
3033 533
1 3034
3034 534
1 3035
3035 535
1 3036
3036 536
1 3037
3037 537
1 3038
3038 538
1 3039
3039 539
1 3040
3040 540
1 3041
3041 541
1 3042
3042 542
1 3043
3043 543
1 3044
3044 544
1 3045
3045 545
1 3046
3046 546
1 3047
3047 547
1 3048
3048 548
1 3049
3049 549
1 3050
3050 550
1 3051
3051 551
1 3052
3052 552
1 3053
3053 553
1 3054
3054 554
1 3055
3055 555
1 3056
3056 556
1 3057
3057 557
1 3058
3058 558
1 3059
3059 559
1 3060
3060 560
1 3061
3061 561
1 3062
3062 562
1 3063
3063 563
1 3064
3064 564
1 3065
3065 565
1 3066
3066 566
1 3067
3067 567
1 3068
3068 568
1 3069
3069 569
1 3070
3070 570
1 3071
3071 571
1 3072
3072 572
1 3073
3073 573
1 3074
3074 574
1 3075
3075 575
1 3076
3076 576
1 3077
3077 577
1 3078
3078 578
1 3079
3079 579
1 3080
3080 580
1 3081
3081 581
1 3082
3082 582
1 3083
3083 583
1 3084
3084 584
1 3085
3085 585
1 3086
3086 586
1 3087
3087 587
1 3088
3088 588
1 3089
3089 589
1 3090
3090 590
1 3091
3091 591
1 3092
3092 592
1 3093
3093 593
1 3094
3094 594
1 3095
3095 595
1 3096
3096 596
1 3097
3097 597
1 3098
3098 598
1 3099
3099 599
1 3100
3100 600
1 3101
3101 601
1 3102
3102 602
1 3103
3103 603
1 3104
3104 604
1 3105
3105 605
1 3106
3106 606
1 3107
3107 607
1 3108
3108 608
1 3109
3109 609
1 3110
3110 610
1 3111
3111 611
1 3112
3112 612
1 3113
3113 613
1 3114
3114 614
1 3115
3115 615
1 3116
3116 616
1 3117
3117 617
1 3118
3118 618
1 3119
3119 619
1 3120
3120 620
1 3121
3121 621
1 3122
3122 622
1 3123
3123 623
1 3124
3124 624
1 3125
3125 625
1 3126
3126 626
1 3127
3127 627
1 3128
3128 628
1 3129
3129 629
1 3130
3130 630
1 3131
3131 631
1 3132
3132 632
1 3133
3133 633
1 3134
3134 634
1 3135
3135 635
1 3136
3136 636
1 3137
3137 637
1 3138
3138 638
1 3139
3139 639
1 3140
3140 640
1 3141
3141 641
1 3142
3142 642
1 3143
3143 643
1 3144
3144 644
1 3145
3145 645
1 3146
3146 646
1 3147
3147 647
1 3148
3148 648
1 3149
3149 649
1 3150
3150 650
1 3151
3151 651
1 3152
3152 652
1 3153
3153 653
1 3154
3154 654
1 3155
3155 655
1 3156
3156 656
1 3157
3157 657
1 3158
3158 658
1 3159
3159 659
1 3160
3160 660
1 3161
3161 661
1 3162
3162 662
1 3163
3163 663
1 3164
3164 664
1 3165
3165 665
1 3166
3166 666
1 3167
3167 667
1 3168
3168 668
1 3169
3169 669
1 3170
3170 670
1 3171
3171 671
1 3172
3172 672
1 3173
3173 673
1 3174
3174 674
1 3175
3175 675
1 3176
3176 676
1 3177
3177 677
1 3178
3178 678
1 3179
3179 679
1 3180
3180 680
1 3181
3181 681
1 3182
3182 682
1 3183
3183 683
1 3184
3184 684
1 3185
3185 685
1 3186
3186 686
1 3187
3187 687
1 3188
3188 688
1 3189
3189 689
1 3190
3190 690
1 3191
3191 691
1 3192
3192 692
1 3193
3193 693
1 3194
3194 694
1 3195
3195 695
1 3196
3196 696
1 3197
3197 697
1 3198
3198 698
1 3199
3199 699
1 3200
3200 700
1 3201
3201 701
1 3202
3202 702
1 3203
3203 703
1 3204
3204 704
1 3205
3205 705
1 3206
3206 706
1 3207
3207 707
1 3208
3208 708
1 3209
3209 709
1 3210
3210 710
1 3211
3211 711
1 3212
3212 712
1 3213
3213 713
1 3214
3214 714
1 3215
3215 715
1 3216
3216 716
1 3217
3217 717
1 3218
3218 718
1 3219
3219 719
1 3220
3220 720
1 3221
3221 721
1 3222
3222 722
1 3223
3223 723
1 3224
3224 724
1 3225
3225 725
1 3226
3226 726
1 3227
3227 727
1 3228
3228 728
1 3229
3229 729
1 3230
3230 730
1 3231
3231 731
1 3232
3232 732
1 3233
3233 733
1 3234
3234 734
1 3235
3235 735
1 3236
3236 736
1 3237
3237 737
1 3238
3238 738
1 3239
3239 739
1 3240
3240 740
1 3241
3241 741
1 3242
3242 742
1 3243
3243 743
1 3244
3244 744
1 3245
3245 745
1 3246
3246 746
1 3247
3247 747
1 3248
3248 748
1 3249
3249 749
1 3250
3250 750
1 3251
3251 751
1 3252
3252 752
1 3253
3253 753
1 3254
3254 754
1 3255
3255 755
1 3256
3256 756
1 3257
3257 757
1 3258
3258 758
1 3259
3259 759
1 3260
3260 760
1 3261
3261 761
1 3262
3262 762
1 3263
3263 763
1 3264
3264 764
1 3265
3265 765
1 3266
3266 766
1 3267
3267 767
1 3268
3268 768
1 3269
3269 769
1 3270
3270 770
1 3271
3271 771
1 3272
3272 772
1 3273
3273 773
1 3274
3274 774
1 3275
3275 775
1 3276
3276 776
1 3277
3277 777
1 3278
3278 778
1 3279
3279 779
1 3280
3280 780
1 3281
3281 781
1 3282
3282 782
1 3283
3283 783
1 3284
3284 784
1 3285
3285 785
1 3286
3286 786
1 3287
3287 787
1 3288
3288 788
1 3289
3289 789
1 3290
3290 790
1 3291
3291 791
1 3292
3292 792
1 3293
3293 793
1 3294
3294 794
1 3295
3295 795
1 3296
3296 796
1 3297
3297 797
1 3298
3298 798
1 3299
3299 799
1 3300
3300 800
1 3301
3301 801
1 3302
3302 802
1 3303
3303 803
1 3304
3304 804
1 3305
3305 805
1 3306
3306 806
1 3307
3307 807
1 3308
3308 808
1 3309
3309 809
1 3310
3310 810
1 3311
3311 811
1 3312
3312 812
1 3313
3313 813
1 3314
3314 814
1 3315
3315 815
1 3316
3316 816
1 3317
3317 817
1 3318
3318 818
1 3319
3319 819
1 3320
3320 820
1 3321
3321 821
1 3322
3322 822
1 3323
3323 823
1 3324
3324 824
1 3325
3325 825
1 3326
3326 826
1 3327
3327 827
1 3328
3328 828
1 3329
3329 829
1 3330
3330 830
1 3331
3331 831
1 3332
3332 832
1 3333
3333 833
1 3334
3334 834
1 3335
3335 835
1 3336
3336 836
1 3337
3337 837
1 3338
3338 838
1 3339
3339 839
1 3340
3340 840
1 3341
3341 841
1 3342
3342 842
1 3343
3343 843
1 3344
3344 844
1 3345
3345 845
1 3346
3346 846
1 3347
3347 847
1 3348
3348 848
1 3349
3349 849
1 3350
3350 850
1 3351
3351 851
1 3352
3352 852
1 3353
3353 853
1 3354
3354 854
1 3355
3355 855
1 3356
3356 856
1 3357
3357 857
1 3358
3358 858
1 3359
3359 859
1 3360
3360 860
1 3361
3361 861
1 3362
3362 862
1 3363
3363 863
1 3364
3364 864
1 3365
3365 865
1 3366
3366 866
1 3367
3367 867
1 3368
3368 868
1 3369
3369 869
1 3370
3370 870
1 3371
3371 871
1 3372
3372 872
1 3373
3373 873
1 3374
3374 874
1 3375
3375 875
1 3376
3376 876
1 3377
3377 877
1 3378
3378 878
1 3379
3379 879
1 3380
3380 880
1 3381
3381 881
1 3382
3382 882
1 3383
3383 883
1 3384
3384 884
1 3385
3385 885
1 3386
3386 886
1 3387
3387 887
1 3388
3388 888
1 3389
3389 889
1 3390
3390 890
1 3391
3391 891
1 3392
3392 892
1 3393
3393 893
1 3394
3394 894
1 3395
3395 895
1 3396
3396 896
1 3397
3397 897
1 3398
3398 898
1 3399
3399 899
1 3400
3400 900
1 3401
3401 901
1 3402
3402 902
1 3403
3403 903
1 3404
3404 904
1 3405
3405 905
1 3406
3406 906
1 3407
3407 907
1 3408
3408 908
1 3409
3409 909
1 3410
3410 910
1 3411
3411 911
1 3412
3412 912
1 3413
3413 913
1 3414
3414 914
1 3415
3415 915
1 3416
3416 916
1 3417
3417 917
1 3418
3418 918
1 3419
3419 919
1 3420
3420 920
1 3421
3421 921
1 3422
3422 922
1 3423
3423 923
1 3424
3424 924
1 3425
3425 925
1 3426
3426 926
1 3427
3427 927
1 3428
3428 928
1 3429
3429 929
1 3430
3430 930
1 3431
3431 931
1 3432
3432 932
1 3433
3433 933
1 3434
3434 934
1 3435
3435 935
1 3436
3436 936
1 3437
3437 937
1 3438
3438 938
1 3439
3439 939
1 3440
3440 940
1 3441
3441 941
1 3442
3442 942
1 3443
3443 943
1 3444
3444 944
1 3445
3445 945
1 3446
3446 946
1 3447
3447 947
1 3448
3448 948
1 3449
3449 949
1 3450
3450 950
1 3451
3451 951
1 3452
3452 952
1 3453
3453 953
1 3454
3454 954
1 3455
3455 955
1 3456
3456 956
1 3457
3457 957
1 3458
3458 958
1 3459
3459 959
1 3460
3460 960
1 3461
3461 961
1 3462
3462 962
1 3463
3463 963
1 3464
3464 964
1 3465
3465 965
1 3466
3466 966
1 3467
3467 967
1 3468
3468 968
1 3469
3469 969
1 3470
3470 970
1 3471
3471 971
1 3472
3472 972
1 3473
3473 973
1 3474
3474 974
1 3475
3475 975
1 3476
3476 976
1 3477
3477 977
1 3478
3478 978
1 3479
3479 979
1 3480
3480 980
1 3481
3481 981
1 3482
3482 982
1 3483
3483 983
1 3484
3484 984
1 3485
3485 985
1 3486
3486 986
1 3487
3487 987
1 3488
3488 988
1 3489
3489 989
1 3490
3490 990
1 3491
3491 991
1 3492
3492 992
1 3493
3493 993
1 3494
3494 994
1 3495
3495 995
1 3496
3496 996
1 3497
3497 997
1 3498
3498 998
1 3499
3499 999
1 3500
3500 1000
1 3501
3501 1001
1 3502
3502 1002
1 3503
3503 1003
1 3504
3504 1004
1 3505
3505 1005
1 3506
3506 1006
1 3507
3507 1007
1 3508
3508 1008
1 3509
3509 1009
1 3510
3510 1010
1 3511
3511 1011
1 3512
3512 1012
1 3513
3513 1013
1 3514
3514 1014
1 3515
3515 1015
1 3516
3516 1016
1 3517
3517 1017
1 3518
3518 1018
1 3519
3519 1019
1 3520
3520 1020
1 3521
3521 1021
1 3522
3522 1022
1 3523
3523 1023
1 3524
3524 1024
1 3525
3525 1025
1 3526
3526 1026
1 3527
3527 1027
1 3528
3528 1028
1 3529
3529 1029
1 3530
3530 1030
1 3531
3531 1031
1 3532
3532 1032
1 3533
3533 1033
1 3534
3534 1034
1 3535
3535 1035
1 3536
3536 1036
1 3537
3537 1037
1 3538
3538 1038
1 3539
3539 1039
1 3540
3540 1040
1 3541
3541 1041
1 3542
3542 1042
1 3543
3543 1043
1 3544
3544 1044
1 3545
3545 1045
1 3546
3546 1046
1 3547
3547 1047
1 3548
3548 1048
1 3549
3549 1049
1 3550
3550 1050
1 3551
3551 1051
1 3552
3552 1052
1 3553
3553 1053
1 3554
3554 1054
1 3555
3555 1055
1 3556
3556 1056
1 3557
3557 1057
1 3558
3558 1058
1 3559
3559 1059
1 3560
3560 1060
1 3561
3561 1061
1 3562
3562 1062
1 3563
3563 1063
1 3564
3564 1064
1 3565
3565 1065
1 3566
3566 1066
1 3567
3567 1067
1 3568
3568 1068
1 3569
3569 1069
1 3570
3570 1070
1 3571
3571 1071
1 3572
3572 1072
1 3573
3573 1073
1 3574
3574 1074
1 3575
3575 1075
1 3576
3576 1076
1 3577
3577 1077
1 3578
3578 1078
1 3579
3579 1079
1 3580
3580 1080
1 3581
3581 1081
1 3582
3582 1082
1 3583
3583 1083
1 3584
3584 1084
1 3585
3585 1085
1 3586
3586 1086
1 3587
3587 1087
1 3588
3588 1088
1 3589
3589 1089
1 3590
3590 1090
1 3591
3591 1091
1 3592
3592 1092
1 3593
3593 1093
1 3594
3594 1094
1 3595
3595 1095
1 3596
3596 1096
1 3597
3597 1097
1 3598
3598 1098
1 3599
3599 1099
1 3600
3600 1100
1 3601
3601 1101
1 3602
3602 1102
1 3603
3603 1103
1 3604
3604 1104
1 3605
3605 1105
1 3606
3606 1106
1 3607
3607 1107
1 3608
3608 1108
1 3609
3609 1109
1 3610
3610 1110
1 3611
3611 1111
1 3612
3612 1112
1 3613
3613 1113
1 3614
3614 1114
1 3615
3615 1115
1 3616
3616 1116
1 3617
3617 1117
1 3618
3618 1118
1 3619
3619 1119
1 3620
3620 1120
1 3621
3621 1121
1 3622
3622 1122
1 3623
3623 1123
1 3624
3624 1124
1 3625
3625 1125
1 3626
3626 1126
1 3627
3627 1127
1 3628
3628 1128
1 3629
3629 1129
1 3630
3630 1130
1 3631
3631 1131
1 3632
3632 1132
1 3633
3633 1133
1 3634
3634 1134
1 3635
3635 1135
1 3636
3636 1136
1 3637
3637 1137
1 3638
3638 1138
1 3639
3639 1139
1 3640
3640 1140
1 3641
3641 1141
1 3642
3642 1142
1 3643
3643 1143
1 3644
3644 1144
1 3645
3645 1145
1 3646
3646 1146
1 3647
3647 1147
1 3648
3648 1148
1 3649
3649 1149
1 3650
3650 1150
1 3651
3651 1151
1 3652
3652 1152
1 3653
3653 1153
1 3654
3654 1154
1 3655
3655 1155
1 3656
3656 1156
1 3657
3657 1157
1 3658
3658 1158
1 3659
3659 1159
1 3660
3660 1160
1 3661
3661 1161
1 3662
3662 1162
1 3663
3663 1163
1 3664
3664 1164
1 3665
3665 1165
1 3666
3666 1166
1 3667
3667 1167
1 3668
3668 1168
1 3669
3669 1169
1 3670
3670 1170
1 3671
3671 1171
1 3672
3672 1172
1 3673
3673 1173
1 3674
3674 1174
1 3675
3675 1175
1 3676
3676 1176
1 3677
3677 1177
1 3678
3678 1178
1 3679
3679 1179
1 3680
3680 1180
1 3681
3681 1181
1 3682
3682 1182
1 3683
3683 1183
1 3684
3684 1184
1 3685
3685 1185
1 3686
3686 1186
1 3687
3687 1187
1 3688
3688 1188
1 3689
3689 1189
1 3690
3690 1190
1 3691
3691 1191
1 3692
3692 1192
1 3693
3693 1193
1 3694
3694 1194
1 3695
3695 1195
1 3696
3696 1196
1 3697
3697 1197
1 3698
3698 1198
1 3699
3699 1199
1 3700
3700 1200
1 3701
3701 1201
1 3702
3702 1202
1 3703
3703 1203
1 3704
3704 1204
1 3705
3705 1205
1 3706
3706 1206
1 3707
3707 1207
1 3708
3708 1208
1 3709
3709 1209
1 3710
3710 1210
1 3711
3711 1211
1 3712
3712 1212
1 3713
3713 1213
1 3714
3714 1214
1 3715
3715 1215
1 3716
3716 1216
1 3717
3717 1217
1 3718
3718 1218
1 3719
3719 1219
1 3720
3720 1220
1 3721
3721 1221
1 3722
3722 1222
1 3723
3723 1223
1 3724
3724 1224
1 3725
3725 1225
1 3726
3726 1226
1 3727
3727 1227
1 3728
3728 1228
1 3729
3729 1229
1 3730
3730 1230
1 3731
3731 1231
1 3732
3732 1232
1 3733
3733 1233
1 3734
3734 1234
1 3735
3735 1235
1 3736
3736 1236
1 3737
3737 1237
1 3738
3738 1238
1 3739
3739 1239
1 3740
3740 1240
1 3741
3741 1241
1 3742
3742 1242
1 3743
3743 1243
1 3744
3744 1244
1 3745
3745 1245
1 3746
3746 1246
1 3747
3747 1247
1 3748
3748 1248
1 3749
3749 1249
1 3750
3750 1250
1 3751
3751 1251
1 3752
3752 1252
1 3753
3753 1253
1 3754
3754 1254
1 3755
3755 1255
1 3756
3756 1256
1 3757
3757 1257
1 3758
3758 1258
1 3759
3759 1259
1 3760
3760 1260
1 3761
3761 1261
1 3762
3762 1262
1 3763
3763 1263
1 3764
3764 1264
1 3765
3765 1265
1 3766
3766 1266
1 3767
3767 1267
1 3768
3768 1268
1 3769
3769 1269
1 3770
3770 1270
1 3771
3771 1271
1 3772
3772 1272
1 3773
3773 1273
1 3774
3774 1274
1 3775
3775 1275
1 3776
3776 1276
1 3777
3777 1277
1 3778
3778 1278
1 3779
3779 1279
1 3780
3780 1280
1 3781
3781 1281
1 3782
3782 1282
1 3783
3783 1283
1 3784
3784 1284
1 3785
3785 1285
1 3786
3786 1286
1 3787
3787 1287
1 3788
3788 1288
1 3789
3789 1289
1 3790
3790 1290
1 3791
3791 1291
1 3792
3792 1292
1 3793
3793 1293
1 3794
3794 1294
1 3795
3795 1295
1 3796
3796 1296
1 3797
3797 1297
1 3798
3798 1298
1 3799
3799 1299
1 3800
3800 1300
1 3801
3801 1301
1 3802
3802 1302
1 3803
3803 1303
1 3804
3804 1304
1 3805
3805 1305
1 3806
3806 1306
1 3807
3807 1307
1 3808
3808 1308
1 3809
3809 1309
1 3810
3810 1310
1 3811
3811 1311
1 3812
3812 1312
1 3813
3813 1313
1 3814
3814 1314
1 3815
3815 1315
1 3816
3816 1316
1 3817
3817 1317
1 3818
3818 1318
1 3819
3819 1319
1 3820
3820 1320
1 3821
3821 1321
1 3822
3822 1322
1 3823
3823 1323
1 3824
3824 1324
1 3825
3825 1325
1 3826
3826 1326
1 3827
3827 1327
1 3828
3828 1328
1 3829
3829 1329
1 3830
3830 1330
1 3831
3831 1331
1 3832
3832 1332
1 3833
3833 1333
1 3834
3834 1334
1 3835
3835 1335
1 3836
3836 1336
1 3837
3837 1337
1 3838
3838 1338
1 3839
3839 1339
1 3840
3840 1340
1 3841
3841 1341
1 3842
3842 1342
1 3843
3843 1343
1 3844
3844 1344
1 3845
3845 1345
1 3846
3846 1346
1 3847
3847 1347
1 3848
3848 1348
1 3849
3849 1349
1 3850
3850 1350
1 3851
3851 1351
1 3852
3852 1352
1 3853
3853 1353
1 3854
3854 1354
1 3855
3855 1355
1 3856
3856 1356
1 3857
3857 1357
1 3858
3858 1358
1 3859
3859 1359
1 3860
3860 1360
1 3861
3861 1361
1 3862
3862 1362
1 3863
3863 1363
1 3864
3864 1364
1 3865
3865 1365
1 3866
3866 1366
1 3867
3867 1367
1 3868
3868 1368
1 3869
3869 1369
1 3870
3870 1370
1 3871
3871 1371
1 3872
3872 1372
1 3873
3873 1373
1 3874
3874 1374
1 3875
3875 1375
1 3876
3876 1376
1 3877
3877 1377
1 3878
3878 1378
1 3879
3879 1379
1 3880
3880 1380
1 3881
3881 1381
1 3882
3882 1382
1 3883
3883 1383
1 3884
3884 1384
1 3885
3885 1385
1 3886
3886 1386
1 3887
3887 1387
1 3888
3888 1388
1 3889
3889 1389
1 3890
3890 1390
1 3891
3891 1391
1 3892
3892 1392
1 3893
3893 1393
1 3894
3894 1394
1 3895
3895 1395
1 3896
3896 1396
1 3897
3897 1397
1 3898
3898 1398
1 3899
3899 1399
1 3900
3900 1400
1 3901
3901 1401
1 3902
3902 1402
1 3903
3903 1403
1 3904
3904 1404
1 3905
3905 1405
1 3906
3906 1406
1 3907
3907 1407
1 3908
3908 1408
1 3909
3909 1409
1 3910
3910 1410
1 3911
3911 1411
1 3912
3912 1412
1 3913
3913 1413
1 3914
3914 1414
1 3915
3915 1415
1 3916
3916 1416
1 3917
3917 1417
1 3918
3918 1418
1 3919
3919 1419
1 3920
3920 1420
1 3921
3921 1421
1 3922
3922 1422
1 3923
3923 1423
1 3924
3924 1424
1 3925
3925 1425
1 3926
3926 1426
1 3927
3927 1427
1 3928
3928 1428
1 3929
3929 1429
1 3930
3930 1430
1 3931
3931 1431
1 3932
3932 1432
1 3933
3933 1433
1 3934
3934 1434
1 3935
3935 1435
1 3936
3936 1436
1 3937
3937 1437
1 3938
3938 1438
1 3939
3939 1439
1 3940
3940 1440
1 3941
3941 1441
1 3942
3942 1442
1 3943
3943 1443
1 3944
3944 1444
1 3945
3945 1445
1 3946
3946 1446
1 3947
3947 1447
1 3948
3948 1448
1 3949
3949 1449
1 3950
3950 1450
1 3951
3951 1451
1 3952
3952 1452
1 3953
3953 1453
1 3954
3954 1454
1 3955
3955 1455
1 3956
3956 1456
1 3957
3957 1457
1 3958
3958 1458
1 3959
3959 1459
1 3960
3960 1460
1 3961
3961 1461
1 3962
3962 1462
1 3963
3963 1463
1 3964
3964 1464
1 3965
3965 1465
1 3966
3966 1466
1 3967
3967 1467
1 3968
3968 1468
1 3969
3969 1469
1 3970
3970 1470
1 3971
3971 1471
1 3972
3972 1472
1 3973
3973 1473
1 3974
3974 1474
1 3975
3975 1475
1 3976
3976 1476
1 3977
3977 1477
1 3978
3978 1478
1 3979
3979 1479
1 3980
3980 1480
1 3981
3981 1481
1 3982
3982 1482
1 3983
3983 1483
1 3984
3984 1484
1 3985
3985 1485
1 3986
3986 1486
1 3987
3987 1487
1 3988
3988 1488
1 3989
3989 1489
1 3990
3990 1490
1 3991
3991 1491
1 3992
3992 1492
1 3993
3993 1493
1 3994
3994 1494
1 3995
3995 1495
1 3996
3996 1496
1 3997
3997 1497
1 3998
3998 1498
1 3999
3999 1499
1 4000
4000 1500
1 4001
4001 1501
1 4002
4002 1502
1 4003
4003 1503
1 4004
4004 1504
1 4005
4005 1505
1 4006
4006 1506
1 4007
4007 1507
1 4008
4008 1508
1 4009
4009 1509
1 4010
4010 1510
1 4011
4011 1511
1 4012
4012 1512
1 4013
4013 1513
1 4014
4014 1514
1 4015
4015 1515
1 4016
4016 1516
1 4017
4017 1517
1 4018
4018 1518
1 4019
4019 1519
1 4020
4020 1520
1 4021
4021 1521
1 4022
4022 1522
1 4023
4023 1523
1 4024
4024 1524
1 4025
4025 1525
1 4026
4026 1526
1 4027
4027 1527
1 4028
4028 1528
1 4029
4029 1529
1 4030
4030 1530
1 4031
4031 1531
1 4032
4032 1532
1 4033
4033 1533
1 4034
4034 1534
1 4035
4035 1535
1 4036
4036 1536
1 4037
4037 1537
1 4038
4038 1538
1 4039
4039 1539
1 4040
4040 1540
1 4041
4041 1541
1 4042
4042 1542
1 4043
4043 1543
1 4044
4044 1544
1 4045
4045 1545
1 4046
4046 1546
1 4047
4047 1547
1 4048
4048 1548
1 4049
4049 1549
1 4050
4050 1550
1 4051
4051 1551
1 4052
4052 1552
1 4053
4053 1553
1 4054
4054 1554
1 4055
4055 1555
1 4056
4056 1556
1 4057
4057 1557
1 4058
4058 1558
1 4059
4059 1559
1 4060
4060 1560
1 4061
4061 1561
1 4062
4062 1562
1 4063
4063 1563
1 4064
4064 1564
1 4065
4065 1565
1 4066
4066 1566
1 4067
4067 1567
1 4068
4068 1568
1 4069
4069 1569
1 4070
4070 1570
1 4071
4071 1571
1 4072
4072 1572
1 4073
4073 1573
1 4074
4074 1574
1 4075
4075 1575
1 4076
4076 1576
1 4077
4077 1577
1 4078
4078 1578
1 4079
4079 1579
1 4080
4080 1580
1 4081
4081 1581
1 4082
4082 1582
1 4083
4083 1583
1 4084
4084 1584
1 4085
4085 1585
1 4086
4086 1586
1 4087
4087 1587
1 4088
4088 1588
1 4089
4089 1589
1 4090
4090 1590
1 4091
4091 1591
1 4092
4092 1592
1 4093
4093 1593
1 4094
4094 1594
1 4095
4095 1595
1 4096
4096 1596
1 4097
4097 1597
1 4098
4098 1598
1 4099
4099 1599
1 4100
4100 1600
1 4101
4101 1601
1 4102
4102 1602
1 4103
4103 1603
1 4104
4104 1604
1 4105
4105 1605
1 4106
4106 1606
1 4107
4107 1607
1 4108
4108 1608
1 4109
4109 1609
1 4110
4110 1610
1 4111
4111 1611
1 4112
4112 1612
1 4113
4113 1613
1 4114
4114 1614
1 4115
4115 1615
1 4116
4116 1616
1 4117
4117 1617
1 4118
4118 1618
1 4119
4119 1619
1 4120
4120 1620
1 4121
4121 1621
1 4122
4122 1622
1 4123
4123 1623
1 4124
4124 1624
1 4125
4125 1625
1 4126
4126 1626
1 4127
4127 1627
1 4128
4128 1628
1 4129
4129 1629
1 4130
4130 1630
1 4131
4131 1631
1 4132
4132 1632
1 4133
4133 1633
1 4134
4134 1634
1 4135
4135 1635
1 4136
4136 1636
1 4137
4137 1637
1 4138
4138 1638
1 4139
4139 1639
1 4140
4140 1640
1 4141
4141 1641
1 4142
4142 1642
1 4143
4143 1643
1 4144
4144 1644
1 4145
4145 1645
1 4146
4146 1646
1 4147
4147 1647
1 4148
4148 1648
1 4149
4149 1649
1 4150
4150 1650
1 4151
4151 1651
1 4152
4152 1652
1 4153
4153 1653
1 4154
4154 1654
1 4155
4155 1655
1 4156
4156 1656
1 4157
4157 1657
1 4158
4158 1658
1 4159
4159 1659
1 4160
4160 1660
1 4161
4161 1661
1 4162
4162 1662
1 4163
4163 1663
1 4164
4164 1664
1 4165
4165 1665
1 4166
4166 1666
1 4167
4167 1667
1 4168
4168 1668
1 4169
4169 1669
1 4170
4170 1670
1 4171
4171 1671
1 4172
4172 1672
1 4173
4173 1673
1 4174
4174 1674
1 4175
4175 1675
1 4176
4176 1676
1 4177
4177 1677
1 4178
4178 1678
1 4179
4179 1679
1 4180
4180 1680
1 4181
4181 1681
1 4182
4182 1682
1 4183
4183 1683
1 4184
4184 1684
1 4185
4185 1685
1 4186
4186 1686
1 4187
4187 1687
1 4188
4188 1688
1 4189
4189 1689
1 4190
4190 1690
1 4191
4191 1691
1 4192
4192 1692
1 4193
4193 1693
1 4194
4194 1694
1 4195
4195 1695
1 4196
4196 1696
1 4197
4197 1697
1 4198
4198 1698
1 4199
4199 1699
1 4200
4200 1700
1 4201
4201 1701
1 4202
4202 1702
1 4203
4203 1703
1 4204
4204 1704
1 4205
4205 1705
1 4206
4206 1706
1 4207
4207 1707
1 4208
4208 1708
1 4209
4209 1709
1 4210
4210 1710
1 4211
4211 1711
1 4212
4212 1712
1 4213
4213 1713
1 4214
4214 1714
1 4215
4215 1715
1 4216
4216 1716
1 4217
4217 1717
1 4218
4218 1718
1 4219
4219 1719
1 4220
4220 1720
1 4221
4221 1721
1 4222
4222 1722
1 4223
4223 1723
1 4224
4224 1724
1 4225
4225 1725
1 4226
4226 1726
1 4227
4227 1727
1 4228
4228 1728
1 4229
4229 1729
1 4230
4230 1730
1 4231
4231 1731
1 4232
4232 1732
1 4233
4233 1733
1 4234
4234 1734
1 4235
4235 1735
1 4236
4236 1736
1 4237
4237 1737
1 4238
4238 1738
1 4239
4239 1739
1 4240
4240 1740
1 4241
4241 1741
1 4242
4242 1742
1 4243
4243 1743
1 4244
4244 1744
1 4245
4245 1745
1 4246
4246 1746
1 4247
4247 1747
1 4248
4248 1748
1 4249
4249 1749
1 4250
4250 1750
1 4251
4251 1751
1 4252
4252 1752
1 4253
4253 1753
1 4254
4254 1754
1 4255
4255 1755
1 4256
4256 1756
1 4257
4257 1757
1 4258
4258 1758
1 4259
4259 1759
1 4260
4260 1760
1 4261
4261 1761
1 4262
4262 1762
1 4263
4263 1763
1 4264
4264 1764
1 4265
4265 1765
1 4266
4266 1766
1 4267
4267 1767
1 4268
4268 1768
1 4269
4269 1769
1 4270
4270 1770
1 4271
4271 1771
1 4272
4272 1772
1 4273
4273 1773
1 4274
4274 1774
1 4275
4275 1775
1 4276
4276 1776
1 4277
4277 1777
1 4278
4278 1778
1 4279
4279 1779
1 4280
4280 1780
1 4281
4281 1781
1 4282
4282 1782
1 4283
4283 1783
1 4284
4284 1784
1 4285
4285 1785
1 4286
4286 1786
1 4287
4287 1787
1 4288
4288 1788
1 4289
4289 1789
1 4290
4290 1790
1 4291
4291 1791
1 4292
4292 1792
1 4293
4293 1793
1 4294
4294 1794
1 4295
4295 1795
1 4296
4296 1796
1 4297
4297 1797
1 4298
4298 1798
1 4299
4299 1799
1 4300
4300 1800
1 4301
4301 1801
1 4302
4302 1802
1 4303
4303 1803
1 4304
4304 1804
1 4305
4305 1805
1 4306
4306 1806
1 4307
4307 1807
1 4308
4308 1808
1 4309
4309 1809
1 4310
4310 1810
1 4311
4311 1811
1 4312
4312 1812
1 4313
4313 1813
1 4314
4314 1814
1 4315
4315 1815
1 4316
4316 1816
1 4317
4317 1817
1 4318
4318 1818
1 4319
4319 1819
1 4320
4320 1820
1 4321
4321 1821
1 4322
4322 1822
1 4323
4323 1823
1 4324
4324 1824
1 4325
4325 1825
1 4326
4326 1826
1 4327
4327 1827
1 4328
4328 1828
1 4329
4329 1829
1 4330
4330 1830
1 4331
4331 1831
1 4332
4332 1832
1 4333
4333 1833
1 4334
4334 1834
1 4335
4335 1835
1 4336
4336 1836
1 4337
4337 1837
1 4338
4338 1838
1 4339
4339 1839
1 4340
4340 1840
1 4341
4341 1841
1 4342
4342 1842
1 4343
4343 1843
1 4344
4344 1844
1 4345
4345 1845
1 4346
4346 1846
1 4347
4347 1847
1 4348
4348 1848
1 4349
4349 1849
1 4350
4350 1850
1 4351
4351 1851
1 4352
4352 1852
1 4353
4353 1853
1 4354
4354 1854
1 4355
4355 1855
1 4356
4356 1856
1 4357
4357 1857
1 4358
4358 1858
1 4359
4359 1859
1 4360
4360 1860
1 4361
4361 1861
1 4362
4362 1862
1 4363
4363 1863
1 4364
4364 1864
1 4365
4365 1865
1 4366
4366 1866
1 4367
4367 1867
1 4368
4368 1868
1 4369
4369 1869
1 4370
4370 1870
1 4371
4371 1871
1 4372
4372 1872
1 4373
4373 1873
1 4374
4374 1874
1 4375
4375 1875
1 4376
4376 1876
1 4377
4377 1877
1 4378
4378 1878
1 4379
4379 1879
1 4380
4380 1880
1 4381
4381 1881
1 4382
4382 1882
1 4383
4383 1883
1 4384
4384 1884
1 4385
4385 1885
1 4386
4386 1886
1 4387
4387 1887
1 4388
4388 1888
1 4389
4389 1889
1 4390
4390 1890
1 4391
4391 1891
1 4392
4392 1892
1 4393
4393 1893
1 4394
4394 1894
1 4395
4395 1895
1 4396
4396 1896
1 4397
4397 1897
1 4398
4398 1898
1 4399
4399 1899
1 4400
4400 1900
1 4401
4401 1901
1 4402
4402 1902
1 4403
4403 1903
1 4404
4404 1904
1 4405
4405 1905
1 4406
4406 1906
1 4407
4407 1907
1 4408
4408 1908
1 4409
4409 1909
1 4410
4410 1910
1 4411
4411 1911
1 4412
4412 1912
1 4413
4413 1913
1 4414
4414 1914
1 4415
4415 1915
1 4416
4416 1916
1 4417
4417 1917
1 4418
4418 1918
1 4419
4419 1919
1 4420
4420 1920
1 4421
4421 1921
1 4422
4422 1922
1 4423
4423 1923
1 4424
4424 1924
1 4425
4425 1925
1 4426
4426 1926
1 4427
4427 1927
1 4428
4428 1928
1 4429
4429 1929
1 4430
4430 1930
1 4431
4431 1931
1 4432
4432 1932
1 4433
4433 1933
1 4434
4434 1934
1 4435
4435 1935
1 4436
4436 1936
1 4437
4437 1937
1 4438
4438 1938
1 4439
4439 1939
1 4440
4440 1940
1 4441
4441 1941
1 4442
4442 1942
1 4443
4443 1943
1 4444
4444 1944
1 4445
4445 1945
1 4446
4446 1946
1 4447
4447 1947
1 4448
4448 1948
1 4449
4449 1949
1 4450
4450 1950
1 4451
4451 1951
1 4452
4452 1952
1 4453
4453 1953
1 4454
4454 1954
1 4455
4455 1955
1 4456
4456 1956
1 4457
4457 1957
1 4458
4458 1958
1 4459
4459 1959
1 4460
4460 1960
1 4461
4461 1961
1 4462
4462 1962
1 4463
4463 1963
1 4464
4464 1964
1 4465
4465 1965
1 4466
4466 1966
1 4467
4467 1967
1 4468
4468 1968
1 4469
4469 1969
1 4470
4470 1970
1 4471
4471 1971
1 4472
4472 1972
1 4473
4473 1973
1 4474
4474 1974
1 4475
4475 1975
1 4476
4476 1976
1 4477
4477 1977
1 4478
4478 1978
1 4479
4479 1979
1 4480
4480 1980
1 4481
4481 1981
1 4482
4482 1982
1 4483
4483 1983
1 4484
4484 1984
1 4485
4485 1985
1 4486
4486 1986
1 4487
4487 1987
1 4488
4488 1988
1 4489
4489 1989
1 4490
4490 1990
1 4491
4491 1991
1 4492
4492 1992
1 4493
4493 1993
1 4494
4494 1994
1 4495
4495 1995
1 4496
4496 1996
1 4497
4497 1997
1 4498
4498 1998
1 4499
4499 1999
1 4500
4500 2000
1 4501
4501 2001
1 4502
4502 2002
1 4503
4503 2003
1 4504
4504 2004
1 4505
4505 2005
1 4506
4506 2006
1 4507
4507 2007
1 4508
4508 2008
1 4509
4509 2009
1 4510
4510 2010
1 4511
4511 2011
1 4512
4512 2012
1 4513
4513 2013
1 4514
4514 2014
1 4515
4515 2015
1 4516
4516 2016
1 4517
4517 2017
1 4518
4518 2018
1 4519
4519 2019
1 4520
4520 2020
1 4521
4521 2021
1 4522
4522 2022
1 4523
4523 2023
1 4524
4524 2024
1 4525
4525 2025
1 4526
4526 2026
1 4527
4527 2027
1 4528
4528 2028
1 4529
4529 2029
1 4530
4530 2030
1 4531
4531 2031
1 4532
4532 2032
1 4533
4533 2033
1 4534
4534 2034
1 4535
4535 2035
1 4536
4536 2036
1 4537
4537 2037
1 4538
4538 2038
1 4539
4539 2039
1 4540
4540 2040
1 4541
4541 2041
1 4542
4542 2042
1 4543
4543 2043
1 4544
4544 2044
1 4545
4545 2045
1 4546
4546 2046
1 4547
4547 2047
1 4548
4548 2048
1 4549
4549 2049
1 4550
4550 2050
1 4551
4551 2051
1 4552
4552 2052
1 4553
4553 2053
1 4554
4554 2054
1 4555
4555 2055
1 4556
4556 2056
1 4557
4557 2057
1 4558
4558 2058
1 4559
4559 2059
1 4560
4560 2060
1 4561
4561 2061
1 4562
4562 2062
1 4563
4563 2063
1 4564
4564 2064
1 4565
4565 2065
1 4566
4566 2066
1 4567
4567 2067
1 4568
4568 2068
1 4569
4569 2069
1 4570
4570 2070
1 4571
4571 2071
1 4572
4572 2072
1 4573
4573 2073
1 4574
4574 2074
1 4575
4575 2075
1 4576
4576 2076
1 4577
4577 2077
1 4578
4578 2078
1 4579
4579 2079
1 4580
4580 2080
1 4581
4581 2081
1 4582
4582 2082
1 4583
4583 2083
1 4584
4584 2084
1 4585
4585 2085
1 4586
4586 2086
1 4587
4587 2087
1 4588
4588 2088
1 4589
4589 2089
1 4590
4590 2090
1 4591
4591 2091
1 4592
4592 2092
1 4593
4593 2093
1 4594
4594 2094
1 4595
4595 2095
1 4596
4596 2096
1 4597
4597 2097
1 4598
4598 2098
1 4599
4599 2099
1 4600
4600 2100
1 4601
4601 2101
1 4602
4602 2102
1 4603
4603 2103
1 4604
4604 2104
1 4605
4605 2105
1 4606
4606 2106
1 4607
4607 2107
1 4608
4608 2108
1 4609
4609 2109
1 4610
4610 2110
1 4611
4611 2111
1 4612
4612 2112
1 4613
4613 2113
1 4614
4614 2114
1 4615
4615 2115
1 4616
4616 2116
1 4617
4617 2117
1 4618
4618 2118
1 4619
4619 2119
1 4620
4620 2120
1 4621
4621 2121
1 4622
4622 2122
1 4623
4623 2123
1 4624
4624 2124
1 4625
4625 2125
1 4626
4626 2126
1 4627
4627 2127
1 4628
4628 2128
1 4629
4629 2129
1 4630
4630 2130
1 4631
4631 2131
1 4632
4632 2132
1 4633
4633 2133
1 4634
4634 2134
1 4635
4635 2135
1 4636
4636 2136
1 4637
4637 2137
1 4638
4638 2138
1 4639
4639 2139
1 4640
4640 2140
1 4641
4641 2141
1 4642
4642 2142
1 4643
4643 2143
1 4644
4644 2144
1 4645
4645 2145
1 4646
4646 2146
1 4647
4647 2147
1 4648
4648 2148
1 4649
4649 2149
1 4650
4650 2150
1 4651
4651 2151
1 4652
4652 2152
1 4653
4653 2153
1 4654
4654 2154
1 4655
4655 2155
1 4656
4656 2156
1 4657
4657 2157
1 4658
4658 2158
1 4659
4659 2159
1 4660
4660 2160
1 4661
4661 2161
1 4662
4662 2162
1 4663
4663 2163
1 4664
4664 2164
1 4665
4665 2165
1 4666
4666 2166
1 4667
4667 2167
1 4668
4668 2168
1 4669
4669 2169
1 4670
4670 2170
1 4671
4671 2171
1 4672
4672 2172
1 4673
4673 2173
1 4674
4674 2174
1 4675
4675 2175
1 4676
4676 2176
1 4677
4677 2177
1 4678
4678 2178
1 4679
4679 2179
1 4680
4680 2180
1 4681
4681 2181
1 4682
4682 2182
1 4683
4683 2183
1 4684
4684 2184
1 4685
4685 2185
1 4686
4686 2186
1 4687
4687 2187
1 4688
4688 2188
1 4689
4689 2189
1 4690
4690 2190
1 4691
4691 2191
1 4692
4692 2192
1 4693
4693 2193
1 4694
4694 2194
1 4695
4695 2195
1 4696
4696 2196
1 4697
4697 2197
1 4698
4698 2198
1 4699
4699 2199
1 4700
4700 2200
1 4701
4701 2201
1 4702
4702 2202
1 4703
4703 2203
1 4704
4704 2204
1 4705
4705 2205
1 4706
4706 2206
1 4707
4707 2207
1 4708
4708 2208
1 4709
4709 2209
1 4710
4710 2210
1 4711
4711 2211
1 4712
4712 2212
1 4713
4713 2213
1 4714
4714 2214
1 4715
4715 2215
1 4716
4716 2216
1 4717
4717 2217
1 4718
4718 2218
1 4719
4719 2219
1 4720
4720 2220
1 4721
4721 2221
1 4722
4722 2222
1 4723
4723 2223
1 4724
4724 2224
1 4725
4725 2225
1 4726
4726 2226
1 4727
4727 2227
1 4728
4728 2228
1 4729
4729 2229
1 4730
4730 2230
1 4731
4731 2231
1 4732
4732 2232
1 4733
4733 2233
1 4734
4734 2234
1 4735
4735 2235
1 4736
4736 2236
1 4737
4737 2237
1 4738
4738 2238
1 4739
4739 2239
1 4740
4740 2240
1 4741
4741 2241
1 4742
4742 2242
1 4743
4743 2243
1 4744
4744 2244
1 4745
4745 2245
1 4746
4746 2246
1 4747
4747 2247
1 4748
4748 2248
1 4749
4749 2249
1 4750
4750 2250
1 4751
4751 2251
1 4752
4752 2252
1 4753
4753 2253
1 4754
4754 2254
1 4755
4755 2255
1 4756
4756 2256
1 4757
4757 2257
1 4758
4758 2258
1 4759
4759 2259
1 4760
4760 2260
1 4761
4761 2261
1 4762
4762 2262
1 4763
4763 2263
1 4764
4764 2264
1 4765
4765 2265
1 4766
4766 2266
1 4767
4767 2267
1 4768
4768 2268
1 4769
4769 2269
1 4770
4770 2270
1 4771
4771 2271
1 4772
4772 2272
1 4773
4773 2273
1 4774
4774 2274
1 4775
4775 2275
1 4776
4776 2276
1 4777
4777 2277
1 4778
4778 2278
1 4779
4779 2279
1 4780
4780 2280
1 4781
4781 2281
1 4782
4782 2282
1 4783
4783 2283
1 4784
4784 2284
1 4785
4785 2285
1 4786
4786 2286
1 4787
4787 2287
1 4788
4788 2288
1 4789
4789 2289
1 4790
4790 2290
1 4791
4791 2291
1 4792
4792 2292
1 4793
4793 2293
1 4794
4794 2294
1 4795
4795 2295
1 4796
4796 2296
1 4797
4797 2297
1 4798
4798 2298
1 4799
4799 2299
1 4800
4800 2300
1 4801
4801 2301
1 4802
4802 2302
1 4803
4803 2303
1 4804
4804 2304
1 4805
4805 2305
1 4806
4806 2306
1 4807
4807 2307
1 4808
4808 2308
1 4809
4809 2309
1 4810
4810 2310
1 4811
4811 2311
1 4812
4812 2312
1 4813
4813 2313
1 4814
4814 2314
1 4815
4815 2315
1 4816
4816 2316
1 4817
4817 2317
1 4818
4818 2318
1 4819
4819 2319
1 4820
4820 2320
1 4821
4821 2321
1 4822
4822 2322
1 4823
4823 2323
1 4824
4824 2324
1 4825
4825 2325
1 4826
4826 2326
1 4827
4827 2327
1 4828
4828 2328
1 4829
4829 2329
1 4830
4830 2330
1 4831
4831 2331
1 4832
4832 2332
1 4833
4833 2333
1 4834
4834 2334
1 4835
4835 2335
1 4836
4836 2336
1 4837
4837 2337
1 4838
4838 2338
1 4839
4839 2339
1 4840
4840 2340
1 4841
4841 2341
1 4842
4842 2342
1 4843
4843 2343
1 4844
4844 2344
1 4845
4845 2345
1 4846
4846 2346
1 4847
4847 2347
1 4848
4848 2348
1 4849
4849 2349
1 4850
4850 2350
1 4851
4851 2351
1 4852
4852 2352
1 4853
4853 2353
1 4854
4854 2354
1 4855
4855 2355
1 4856
4856 2356
1 4857
4857 2357
1 4858
4858 2358
1 4859
4859 2359
1 4860
4860 2360
1 4861
4861 2361
1 4862
4862 2362
1 4863
4863 2363
1 4864
4864 2364
1 4865
4865 2365
1 4866
4866 2366
1 4867
4867 2367
1 4868
4868 2368
1 4869
4869 2369
1 4870
4870 2370
1 4871
4871 2371
1 4872
4872 2372
1 4873
4873 2373
1 4874
4874 2374
1 4875
4875 2375
1 4876
4876 2376
1 4877
4877 2377
1 4878
4878 2378
1 4879
4879 2379
1 4880
4880 2380
1 4881
4881 2381
1 4882
4882 2382
1 4883
4883 2383
1 4884
4884 2384
1 4885
4885 2385
1 4886
4886 2386
1 4887
4887 2387
1 4888
4888 2388
1 4889
4889 2389
1 4890
4890 2390
1 4891
4891 2391
1 4892
4892 2392
1 4893
4893 2393
1 4894
4894 2394
1 4895
4895 2395
1 4896
4896 2396
1 4897
4897 2397
1 4898
4898 2398
1 4899
4899 2399
1 4900
4900 2400
1 4901
4901 2401
1 4902
4902 2402
1 4903
4903 2403
1 4904
4904 2404
1 4905
4905 2405
1 4906
4906 2406
1 4907
4907 2407
1 4908
4908 2408
1 4909
4909 2409
1 4910
4910 2410
1 4911
4911 2411
1 4912
4912 2412
1 4913
4913 2413
1 4914
4914 2414
1 4915
4915 2415
1 4916
4916 2416
1 4917
4917 2417
1 4918
4918 2418
1 4919
4919 2419
1 4920
4920 2420
1 4921
4921 2421
1 4922
4922 2422
1 4923
4923 2423
1 4924
4924 2424
1 4925
4925 2425
1 4926
4926 2426
1 4927
4927 2427
1 4928
4928 2428
1 4929
4929 2429
1 4930
4930 2430
1 4931
4931 2431
1 4932
4932 2432
1 4933
4933 2433
1 4934
4934 2434
1 4935
4935 2435
1 4936
4936 2436
1 4937
4937 2437
1 4938
4938 2438
1 4939
4939 2439
1 4940
4940 2440
1 4941
4941 2441
1 4942
4942 2442
1 4943
4943 2443
1 4944
4944 2444
1 4945
4945 2445
1 4946
4946 2446
1 4947
4947 2447
1 4948
4948 2448
1 4949
4949 2449
1 4950
4950 2450
1 4951
4951 2451
1 4952
4952 2452
1 4953
4953 2453
1 4954
4954 2454
1 4955
4955 2455
1 4956
4956 2456
1 4957
4957 2457
1 4958
4958 2458
1 4959
4959 2459
1 4960
4960 2460
1 4961
4961 2461
1 4962
4962 2462
1 4963
4963 2463
1 4964
4964 2464
1 4965
4965 2465
1 4966
4966 2466
1 4967
4967 2467
1 4968
4968 2468
1 4969
4969 2469
1 4970
4970 2470
1 4971
4971 2471
1 4972
4972 2472
1 4973
4973 2473
1 4974
4974 2474
1 4975
4975 2475
1 4976
4976 2476
1 4977
4977 2477
1 4978
4978 2478
1 4979
4979 2479
1 4980
4980 2480
1 4981
4981 2481
1 4982
4982 2482
1 4983
4983 2483
1 4984
4984 2484
1 4985
4985 2485
1 4986
4986 2486
1 4987
4987 2487
1 4988
4988 2488
1 4989
4989 2489
1 4990
4990 2490
1 4991
4991 2491
1 4992
4992 2492
1 4993
4993 2493
1 4994
4994 2494
1 4995
4995 2495
1 4996
4996 2496
1 4997
4997 2497
1 4998
4998 2498
1 4999
4999 2499
1 5000
5000 2500
1 2501
