300 97 150
11 70 40 61 31 7 24 78 95 68 19 62 65 51 91 44 94 16 22 4 46 47 5 95 69 21 90 37 95 79 6 51 31 10 39 95 30 95 86 93 75 94 42 72 80 88 65 22 65 9 95 41 23 29 69 86 15 46 30 96 78 69 80 2 66 80 49 64 71 26 42 20 5 36 57 38 70 27 36 82 45 32 53 20 67 22 13 46 33 83 33 13 19 71 94 16 9 93 19 49 71 78 62 27 33 66 91 13 67 8 66 85 91 44 80 45 53 74 55 70 2 40 63 68 43 73 47 72 6 16 52 58 60 61 49 73 83 73 9 1 47 77 42 78 16 24 94 70 46 48
1 152
152 2
1 153
153 3
1 154
154 4
1 155
155 5
1 156
156 6
1 157
157 7
1 158
158 8
1 159
159 9
1 160
160 10
1 161
161 11
1 162
162 12
1 163
163 13
1 164
164 14
1 165
165 15
1 166
166 16
1 167
167 17
1 168
168 18
1 169
169 19
1 170
170 20
1 171
171 21
1 172
172 22
1 173
173 23
1 174
174 24
1 175
175 25
1 176
176 26
1 177
177 27
1 178
178 28
1 179
179 29
1 180
180 30
1 181
181 31
1 182
182 32
1 183
183 33
1 184
184 34
1 185
185 35
1 186
186 36
1 187
187 37
1 188
188 38
1 189
189 39
1 190
190 40
1 191
191 41
1 192
192 42
1 193
193 43
1 194
194 44
1 195
195 45
1 196
196 46
1 197
197 47
1 198
198 48
1 199
199 49
1 200
200 50
1 201
201 51
1 202
202 52
1 203
203 53
1 204
204 54
1 205
205 55
1 206
206 56
1 207
207 57
1 208
208 58
1 209
209 59
1 210
210 60
1 211
211 61
1 212
212 62
1 213
213 63
1 214
214 64
1 215
215 65
1 216
216 66
1 217
217 67
1 218
218 68
1 219
219 69
1 220
220 70
1 221
221 71
1 222
222 72
1 223
223 73
1 224
224 74
1 225
225 75
1 226
226 76
1 227
227 77
1 228
228 78
1 229
229 79
1 230
230 80
1 231
231 81
1 232
232 82
1 233
233 83
1 234
234 84
1 235
235 85
1 236
236 86
1 237
237 87
1 238
238 88
1 239
239 89
1 240
240 90
1 241
241 91
1 242
242 92
1 243
243 93
1 244
244 94
1 245
245 95
1 246
246 96
1 247
247 97
1 248
248 98
1 249
249 99
1 250
250 100
1 251
251 101
1 252
252 102
1 253
253 103
1 254
254 104
1 255
255 105
1 256
256 106
1 257
257 107
1 258
258 108
1 259
259 109
1 260
260 110
1 261
261 111
1 262
262 112
1 263
263 113
1 264
264 114
1 265
265 115
1 266
266 116
1 267
267 117
1 268
268 118
1 269
269 119
1 270
270 120
1 271
271 121
1 272
272 122
1 273
273 123
1 274
274 124
1 275
275 125
1 276
276 126
1 277
277 127
1 278
278 128
1 279
279 129
1 280
280 130
1 281
281 131
1 282
282 132
1 283
283 133
1 284
284 134
1 285
285 135
1 286
286 136
1 287
287 137
1 288
288 138
1 289
289 139
1 290
290 140
1 291
291 141
1 292
292 142
1 293
293 143
1 294
294 144
1 295
295 145
1 296
296 146
1 297
297 147
1 298
298 148
1 299
299 149
1 300
300 150
1 151
